"DESCRIPTION","DURATION IN MS","NAME","PARENT SUITE","START TIME","STATUS","STOP TIME","SUB SUITE","SUITE","TEST CLASS","TEST METHOD"
"Test click ""Export"" and check the file for standards.","10211","Test export button","","Mon Dec 01 08:04:58 UTC 2025","passed","Mon Dec 01 08:05:08 UTC 2025","","Checking the basic functions for the Dictionary administration panel","application.Samples.DictionaryAdministrationTest","testExprotFile"
"The test checks for the disabled attribute.","9976","A test to check the field for ""Read-only""","","Mon Dec 01 07:44:41 UTC 2025","passed","Mon Dec 01 07:44:51 UTC 2025","","List. Checking the basic functions for the CheckBox","application.Samples.List.CheckBoxOnListTest","readonly"
"The test sets the value in the field. After approval, the popup window, the title, the text in it, and the buttons are validated","6810","Run-time exception validation test","","Mon Dec 01 08:08:02 UTC 2025","passed","Mon Dec 01 08:08:09 UTC 2025","","Form. Checking the basic functions for the DateTimeWithSeconds in the widget Form","application.Samples.Form.DateTimeWithSecondsOnFormTest","runtimeException"
"Currency by the specified column.","6740","Currency test","","Mon Dec 01 07:42:32 UTC 2025","passed","Mon Dec 01 07:42:39 UTC 2025","","List. Checking the basic functions for the Money in the widget List","application.Samples.List.MoneyOnListTest","currency"
"The test checks for the disabled attribute","7131","A test to check the field for ""Read-only""","","Mon Dec 01 08:12:29 UTC 2025","passed","Mon Dec 01 08:12:36 UTC 2025","","Form. Checking the basic functions for the MultipleSelect in the widget Form","application.Samples.Form.MultipleSelectOnFormTest","readonly"
"The test sets the value with the wrong data type in the field. After approval, it checks the text under the field, which informs about the correctness of the type of data entered.","35208","Required Message validation test for one field","","Mon Dec 01 07:50:50 UTC 2025","passed","Mon Dec 01 07:51:25 UTC 2025","","List. Checking the basic functions for the InlinePickList in the widget List","application.Samples.List.InlinePickListOnListTest","fieldLevelValidationAnnotation"
"The test gets the value from the placeholder attribute and returns it in String format","5027","Test for getting the Placeholder value","","Mon Dec 01 08:15:10 UTC 2025","passed","Mon Dec 01 08:15:15 UTC 2025","","Form. Checking the basic functions for the DateTime in the widget Form","application.Samples.Form.DateTimeOnFormTest","placeholder"
"Checking the url before the transition and after the transition/click on a special element","5866","The DrillDown test","","Mon Dec 01 07:41:06 UTC 2025","passed","Mon Dec 01 07:41:12 UTC 2025","","List. Checking the basic functions for the Input in the widget List","application.Samples.List.InputOnListTest","drillDown"
"Sorting is not available for the Form widget","8286","Sorting test","","Mon Dec 01 08:02:11 UTC 2025","passed","Mon Dec 01 08:02:19 UTC 2025","","Form. Checking the basic functions for the Text in the widget Form","application.Samples.Form.TextOnFormTest","sorting"
"","8677","A test to get a value for a multifield","","Mon Dec 01 08:11:50 UTC 2025","passed","Mon Dec 01 08:11:59 UTC 2025","","Form. Checking the basic functions for the MultiField in the widget Form","application.Samples.Form.MultiFieldOnFormTest","getValues2"
"The test clears the field and clicks the Save button. Then validates the message that the field is required","8670","Required Message text Verification field test","","Mon Dec 01 08:08:41 UTC 2025","passed","Mon Dec 01 08:08:50 UTC 2025","","Form. Checking the basic functions for the Radio in the widget Form","application.Samples.Form.RadioOnFormTest","required"
"The test check icon's name from the drop-down list ","9776","A test for checking the icon","","Mon Dec 01 08:10:05 UTC 2025","passed","Mon Dec 01 08:10:15 UTC 2025","","Form. Checking the basic functions for the Dictionary in the widget Form","application.Samples.Form.DictionaryOnFormTest","icon"
"The test delete a field in the admin panel","12135","Test for deleting admin value","","Mon Dec 01 08:03:35 UTC 2025","passed","Mon Dec 01 08:03:47 UTC 2025","","Checking the basic functions for the Dictionary administration panel","application.Samples.DictionaryAdministrationTest","delete"
"The Hint field type is always read-only","8438","A test to check the field for ""Read-only""","","Mon Dec 01 07:46:39 UTC 2025","passed","Mon Dec 01 07:46:48 UTC 2025","","List. Checking the basic functions for the MultiValueHover in the widget List","application.Samples.List.MultiValueHoverOnListTest","readonly"
"The test checks for the disabled attribute.","7482","A test to check the field for ""Read-only""","","Mon Dec 01 07:38:36 UTC 2025","passed","Mon Dec 01 07:38:43 UTC 2025","","List. Checking the basic functions for the Number in the widget List","application.Samples.List.NumberOnListTest","readonly"
"The test sets the value in the field, and then checks the value in the field with what should be set.","16655","A test for setting a value in a field","","Mon Dec 01 07:42:14 UTC 2025","passed","Mon Dec 01 07:42:30 UTC 2025","","List. Checking the basic functions for the Input in the widget List","application.Samples.List.InputOnListTest","edit"
"Drill Down is not available for InfoWidget.","4383","The DrillDown test","","Mon Dec 01 07:58:10 UTC 2025","passed","Mon Dec 01 07:58:15 UTC 2025","","Info. Checking the basic functions for the Hint","application.Samples.Info.HintOnInfoTest","drillDown"
"Getting the field color is not available","8952","A test to get the field color value in Hex format","","Mon Dec 01 07:46:56 UTC 2025","passed","Mon Dec 01 07:47:05 UTC 2025","","List. Checking the basic functions for the MultiValueHover in the widget List","application.Samples.List.MultiValueHoverOnListTest","color"
"The test gets the value from the style attribute in RGB format, and then converts it to Hex format","7083","A test to get the field color value in Hex format","","Mon Dec 01 08:13:12 UTC 2025","passed","Mon Dec 01 08:13:19 UTC 2025","","Form. Checking the basic functions for the MultipleSelect in the widget Form","application.Samples.Form.MultipleSelectOnFormTest","color"
"Filtering is not available for InfoWidget.","7075","Filtering test","","Mon Dec 01 08:01:00 UTC 2025","passed","Mon Dec 01 08:01:07 UTC 2025","","Info. Checking the basic functions for the MultiValue","application.Samples.Info.MultiValueOnInfoTest","filtration"
"Drill Down is not available for InfoWidget.","6889","The DrillDown test","","Mon Dec 01 08:00:53 UTC 2025","passed","Mon Dec 01 08:01:00 UTC 2025","","Info. Checking the basic functions for the MultiValue","application.Samples.Info.MultiValueOnInfoTest","drillDown"
"The test calls a modal window, after which the method returns Status-Value pairs depending on the column header.","26921","A test for checking values by column heading in a modal window","","Mon Dec 01 08:11:50 UTC 2025","passed","Mon Dec 01 08:12:17 UTC 2025","","Form. Checking the basic functions for the MultiValue in the widget Form","application.Samples.Form.MultiValueOnFormTest","test_status"
"DrillDown is not available for InfoWidget.","7187","The DrillDown test","","Mon Dec 01 07:55:35 UTC 2025","passed","Mon Dec 01 07:55:42 UTC 2025","","Info. Checking the basic functions for the PickList","application.Samples.Info.PickListOnInfoTest","drillDown"
"Sorting by the specified column.","12876","Sorting test","","Mon Dec 01 08:15:42 UTC 2025","passed","Mon Dec 01 08:15:55 UTC 2025","","List. Checking the basic functions for the Radio in the widget List","application.Samples.List.RadioOnListTest","sorting"
"The test checks for the disabled attribute.","12907","A test to check the field for ""Read-only""","","Mon Dec 01 07:46:19 UTC 2025","passed","Mon Dec 01 07:46:32 UTC 2025","","List. Checking the basic functions for the Time","application.Samples.List.TimeOnListTest","readonly"
"The test checks for the disabled attribute.","6543","A test to check the field for ""Read-only""","","Mon Dec 01 07:41:18 UTC 2025","passed","Mon Dec 01 07:41:25 UTC 2025","","List. Checking the basic functions for the Input in the widget List","application.Samples.List.InputOnListTest","readonly"
"The test checks for the disabled attribute.","7701","A test to check the field for ""Read-only""","","Mon Dec 01 07:40:06 UTC 2025","passed","Mon Dec 01 07:40:14 UTC 2025","","List. Checking the basic functions for the Money in the widget List","application.Samples.List.MoneyOnListTest","readonly"
"The test gets the value from the placeholder attribute and returns it in String format","8244","Test for getting the Placeholder value","","Mon Dec 01 07:49:13 UTC 2025","passed","Mon Dec 01 07:49:21 UTC 2025","","List. Checking the basic functions for the DateTimeWithSeconds in the widget List","application.Samples.List.DateTimeWithSecondsOnListTest","placeholder"
"DrillDown is not available for InfoWidget.","8467","The DrillDown test","","Mon Dec 01 08:01:44 UTC 2025","passed","Mon Dec 01 08:01:52 UTC 2025","","Info. Checking the basic functions for the Text","application.Samples.Info.TextOnInfoTest","drillDown"
"The test sets the value in the field. After approval, the popup window, the title, the text in it, and the buttons are validated.","6917","Run-time exception validation test","","Mon Dec 01 07:44:02 UTC 2025","passed","Mon Dec 01 07:44:08 UTC 2025","","List. Checking the basic functions for the Input in the widget List","application.Samples.List.InputOnListTest","runtimeException"
"The test sets the value with the wrong data type in the field. After approval, it checks the text under the field, which informs about the correctness of the type of data entered.","10951","Required Message validation test for one field","","Mon Dec 01 07:49:14 UTC 2025","passed","Mon Dec 01 07:49:25 UTC 2025","","List. Checking the basic functions for the FileUpload in the widget List","application.Samples.List.FileUploadOnListTest","fieldLevelValidationAnnotation"
"Filtering is not available for the Form widget","6472","Filtering test","","Mon Dec 01 08:03:00 UTC 2025","passed","Mon Dec 01 08:03:06 UTC 2025","","Form. Checking the basic functions for the Number in the widget Form","application.Samples.Form.NumberOnFormTest","filtration"
"Info Widget is always read-only","7932","A test to check the field for ""Read-only""","","Mon Dec 01 07:57:41 UTC 2025","passed","Mon Dec 01 07:57:49 UTC 2025","","Info. Checking the basic functions for the CheckBox","application.Samples.Info.CheckboxOnInfoTest","readonly"
"The test sets the value in the field. After approval, the popup window, the title, the text in it, and the buttons are validated","9716","Run-time exception validation test","","Mon Dec 01 08:08:10 UTC 2025","passed","Mon Dec 01 08:08:19 UTC 2025","","Form. Checking the basic functions for the InlinePickList in the widget Form","application.Samples.Form.InlinePickListOnFormTest","runtimeException"
"Sorting by the specified column.","10224","Sorting test","","Mon Dec 01 07:53:57 UTC 2025","passed","Mon Dec 01 07:54:08 UTC 2025","","List. Checking the basic functions for the Dictionary in the widget List","application.Samples.List.DictionaryOnListTest","sorting"
"The test gets the value from the style attribute in RGB format, and then converts it to Hex format","8849","A test to get the field color value in Hex format","","Mon Dec 01 08:07:14 UTC 2025","passed","Mon Dec 01 08:07:23 UTC 2025","","Form. Checking the basic functions for the InlinePickList in the widget Form","application.Samples.Form.InlinePickListOnFormTest","color"
"DrillDown is not available for InfoWidget.","5508","The DrillDown test","","Mon Dec 01 08:00:04 UTC 2025","passed","Mon Dec 01 08:00:10 UTC 2025","","Info. Checking the basic functions for the DateTime","application.Samples.Info.DateTimeOnInfoTest","drillDown"
"","6413","Test to get the name of the downloaded file","","Mon Dec 01 07:57:10 UTC 2025","passed","Mon Dec 01 07:57:17 UTC 2025","","Info. Checking the basic functions for the FileUp","application.Samples.Info.FileUploadOnInfoTest","getFileName"
"The test sets the value with the wrong data type in the field. After approval, it checks the text under the field, which informs about the correctness of the type of data entered","10030","Required Message validation test for one field","","Mon Dec 01 08:07:12 UTC 2025","passed","Mon Dec 01 08:07:22 UTC 2025","","Form. Checking the basic functions for the CheckBox","application.Samples.Form.CheckBoxOnFormTest","fieldLevelValidationAnnotation"
"The test sets the value in the field. After approval, the popup window, the title, the text in it, and the buttons are validated","7989","Run-time exception validation test","","Mon Dec 01 08:11:08 UTC 2025","passed","Mon Dec 01 08:11:16 UTC 2025","","Form. Checking the basic functions for the PickList in the widget Form","application.Samples.Form.PickListOnFormTest","runtimeException"
"Filtering is not available for the Form widget","5003","Filtering test","","Mon Dec 01 08:08:25 UTC 2025","passed","Mon Dec 01 08:08:30 UTC 2025","","Form. Checking the basic functions for the Hint in the widget Form","application.Samples.Form.HintOnFormTest","filtration"
"The test sets the value in the field, and then checks the value in the field with what should be set.","19543","A test for setting a value in a field","","Mon Dec 01 07:48:23 UTC 2025","passed","Mon Dec 01 07:48:43 UTC 2025","","List. Checking the basic functions for the Text in the widget List","application.Samples.List.TextOnListTest","edit"
"The test gets the value from the style attribute in RGB format, and then converts it to Hex format","5060","A test to get the field color value in Hex format","","Mon Dec 01 08:15:05 UTC 2025","passed","Mon Dec 01 08:15:10 UTC 2025","","Form. Checking the basic functions for the DateTime in the widget Form","application.Samples.Form.DateTimeOnFormTest","color"
"The test sets the value in the field. After approval, by clicking on the save button, the popup window, the title, the text in it, and the buttons are validated.","13399","Confirmation Popup Validation Test","","Mon Dec 01 07:56:05 UTC 2025","passed","Mon Dec 01 07:56:18 UTC 2025","","List. Checking the basic functions for the Dictionary in the widget List","application.Samples.List.DictionaryOnListTest","confirm"
"The test gets the value in the field, and then checks the value in the field with what should be.","0","A test for checking a value in a field","","Mon Dec 01 07:55:45 UTC 2025","skipped","Mon Dec 01 07:55:45 UTC 2025","","List. Checking the basic functions for the Dictionary in the widget List","application.Samples.List.DictionaryOnListTest","read"
"The test sets the value in the field, and then checks the value in the field with what should be set.","29535","A test for setting a value in a field","","Mon Dec 01 07:56:44 UTC 2025","passed","Mon Dec 01 07:57:14 UTC 2025","","List. Checking the basic functions for the DateTime in the widget List","application.Samples.List.DateTimeOnListTest","edit"
"The test sets the value in the field. After approval, the popup window, the title, the text in it, and the buttons are validated","9684","Run-time exception validation test","","Mon Dec 01 08:08:28 UTC 2025","passed","Mon Dec 01 08:08:37 UTC 2025","","Form. Checking the basic functions for the CheckBox","application.Samples.Form.CheckBoxOnFormTest","runtimeException"
"","5401","The test for getting the value from the field","","Mon Dec 01 08:00:20 UTC 2025","passed","Mon Dec 01 08:00:25 UTC 2025","","Info. Checking the basic functions for the DateTime","application.Samples.Info.DateTimeOnInfoTest","read"
"Filtering is not available for InfoWidget.","8179","Filtering test","","Mon Dec 01 07:58:28 UTC 2025","passed","Mon Dec 01 07:58:37 UTC 2025","","Info. Checking the basic functions for the Dictionary","application.Samples.Info.DictionaryOnInfoTest","filtration"
"Sorting by the specified column.","10392","Sorting test","","Mon Dec 01 07:44:13 UTC 2025","passed","Mon Dec 01 07:44:23 UTC 2025","","List. Checking the basic functions for the CheckBox","application.Samples.List.CheckBoxOnListTest","sorting"
"The InfoWidget doesn't have a Placeholder.","6473","Test for getting the Placeholder value","","Mon Dec 01 08:01:47 UTC 2025","passed","Mon Dec 01 08:01:53 UTC 2025","","Info. Checking the basic functions for the Number","application.Samples.Info.NumberOnInfoTest","placeholder"
"DrillDown is not available for InfoWidget.","6193","The DrillDown test","","Mon Dec 01 07:56:20 UTC 2025","passed","Mon Dec 01 07:56:26 UTC 2025","","Info. Checking the basic functions for the FileUp","application.Samples.Info.FileUploadOnInfoTest","drillDown"
"Currency check at the field","6371","Currency test","","Mon Dec 01 07:59:40 UTC 2025","passed","Mon Dec 01 07:59:47 UTC 2025","","Info. Checking the basic functions for the Money","application.Samples.Info.MoneyOnInfoTest","currency"
"Sorting by the specified column.","16610","Sorting test","","Mon Dec 01 07:45:52 UTC 2025","passed","Mon Dec 01 07:46:08 UTC 2025","","List. Checking the basic functions for the Time","application.Samples.List.TimeOnListTest","sorting"
"The test sets the value in the field. After approval, the popup window, the title, the text in it, and the buttons are validated","9589","Run-time exception validation test","","Mon Dec 01 08:13:33 UTC 2025","passed","Mon Dec 01 08:13:42 UTC 2025","","Form. Checking the basic functions for the Percent in the widget Form","application.Samples.Form.PercentOnFormTest","runtimeException"
"The test gets the value from the style attribute in RGB format, and then converts it to Hex format","10070","A test to get the field color value in Hex format","","Mon Dec 01 07:55:45 UTC 2025","passed","Mon Dec 01 07:55:55 UTC 2025","","List. Checking the basic functions for the Dictionary in the widget List","application.Samples.List.DictionaryOnListTest","color"
"The test sets the value in the field. After approval, by clicking on the save button, the popup window, the title, the text in it, and the buttons are validated.","21179","Confirmation Popup Validation Test","","Mon Dec 01 07:53:00 UTC 2025","passed","Mon Dec 01 07:53:21 UTC 2025","","List. Checking the basic functions for the InlinePickList in the widget List","application.Samples.List.InlinePickListOnListTest","confirm"
"The test gets the value from the style attribute in RGB format, and then converts it to Hex format","6448","A test to get the field color value in Hex format","","Mon Dec 01 07:42:30 UTC 2025","passed","Mon Dec 01 07:42:37 UTC 2025","","List. Checking the basic functions for the Input in the widget List","application.Samples.List.InputOnListTest","color"
"The test gets the value from the style attribute in RGB format, and then converts it to Hex format","8677","A test to get the field color value in Hex format","","Mon Dec 01 08:02:17 UTC 2025","passed","Mon Dec 01 08:02:26 UTC 2025","","Info. Checking the basic functions for the Text","application.Samples.Info.TextOnInfoTest","color"
"The test sets several values in the field, then checks the list with the expected value.","21834","A test for setting multiple values in a field","","Mon Dec 01 08:10:56 UTC 2025","passed","Mon Dec 01 08:11:18 UTC 2025","","Form. Checking the basic functions for the MultiValue in the widget Form","application.Samples.Form.MultiValueOnFormTest","test_set"
"The test gets the value from the placeholder attribute and returns it in String format","8827","Test for getting the Placeholder value","","Mon Dec 01 07:53:41 UTC 2025","passed","Mon Dec 01 07:53:49 UTC 2025","","List. Checking the basic functions for the PickList in the widget List","application.Samples.List.PickListOnListTest","placeholder"
"The test gets the value in the field, and then checks the value in the field with what should be.","0","A test for checking a value in a field","","Mon Dec 01 07:42:30 UTC 2025","skipped","Mon Dec 01 07:42:30 UTC 2025","","List. Checking the basic functions for the Input in the widget List","application.Samples.List.InputOnListTest","read"
"Filtering by the specified column.","12595","Filtering test","","Mon Dec 01 08:15:38 UTC 2025","passed","Mon Dec 01 08:15:50 UTC 2025","","List. Checking the basic functions for the SuggestionPickList in the widget List","application.Samples.List.SuggestionPickListOnListTest","filtration"
"Sorting is not available for the Form widget","8609","Sorting test","","Mon Dec 01 08:11:23 UTC 2025","passed","Mon Dec 01 08:11:31 UTC 2025","","Form. Checking the basic functions for the Percent in the widget Form","application.Samples.Form.PercentOnFormTest","sorting"
"Filtering is not available for the Form widget","9243","Filtering test","","Mon Dec 01 08:09:05 UTC 2025","passed","Mon Dec 01 08:09:14 UTC 2025","","Form. Checking the basic functions for the Dictionary in the widget Form","application.Samples.Form.DictionaryOnFormTest","filtration"
"The test gets the value from the style attribute in RGB format, and then converts it to Hex format","15715","A test to get the field color value in Hex format","","Mon Dec 01 07:37:29 UTC 2025","passed","Mon Dec 01 07:37:45 UTC 2025","","List. Checking the basic functions for the Radio in the widget List","application.Samples.List.RadioOnListTest","color"
"The test clears the field and clicks the Save button. Then validates the message that the field is required.","19319","Required Message text Verification field test","","Mon Dec 01 07:52:27 UTC 2025","passed","Mon Dec 01 07:52:47 UTC 2025","","List. Checking the basic functions for the PickList in the widget List","application.Samples.List.PickListOnListTest","required"
"The test sets a value with the wrong data type in several fields for different widgets. After approval, it checks the text under the field, which informs about the correctness of the type of data entered","8689","Required Message validation test for multiple fields","","Mon Dec 01 08:15:23 UTC 2025","passed","Mon Dec 01 08:15:32 UTC 2025","","Form. Checking the basic functions for the DateTime in the widget Form","application.Samples.Form.DateTimeOnFormTest","fieldLevelValidation"
"The test checks for the disabled attribute","8556","A test to check the field for ""Read-only""","","Mon Dec 01 08:07:03 UTC 2025","passed","Mon Dec 01 08:07:12 UTC 2025","","Form. Checking the basic functions for the CheckBox","application.Samples.Form.CheckBoxOnFormTest","readonly"
"","6381","The test for getting the value from the field","","Mon Dec 01 07:59:28 UTC 2025","passed","Mon Dec 01 07:59:34 UTC 2025","","Info. Checking the basic functions for the Money","application.Samples.Info.MoneyOnInfoTest","read"
"The test clears the field and clicks the Save button. Then validates the message that the field is required","7229","Required Message text Verification field test","","Mon Dec 01 08:03:20 UTC 2025","passed","Mon Dec 01 08:03:27 UTC 2025","","Form. Checking the basic functions for the Number in the widget Form","application.Samples.Form.NumberOnFormTest","required"
"The test gets the value from the placeholder attribute and returns it in String format","7420","Test for getting the Placeholder value","","Mon Dec 01 07:50:26 UTC 2025","passed","Mon Dec 01 07:50:34 UTC 2025","","List. Checking the basic functions for the FileUpload in the widget List","application.Samples.List.FileUploadOnListTest","placeholder"
"The test sets the value with the wrong data type in the field. After approval, it checks the text under the field, which informs about the correctness of the type of data entered.","20856","Required Message validation test for one field","","Mon Dec 01 07:52:07 UTC 2025","passed","Mon Dec 01 07:52:27 UTC 2025","","List. Checking the basic functions for the PickList in the widget List","application.Samples.List.PickListOnListTest","fieldLevelValidationAnnotation"
"Checking the url before the transition and after the transition/click on a special element","8557","The DrillDown test","","Mon Dec 01 08:02:19 UTC 2025","passed","Mon Dec 01 08:02:27 UTC 2025","","Form. Checking the basic functions for the Text in the widget Form","application.Samples.Form.TextOnFormTest","drillDown"
"","6545","A test to compare the source file with the downloaded one","","Mon Dec 01 07:57:04 UTC 2025","passed","Mon Dec 01 07:57:10 UTC 2025","","Info. Checking the basic functions for the FileUp","application.Samples.Info.FileUploadOnInfoTest","compare"
"Sorting is not available for InfoWidget.","6737","Sorting test","","Mon Dec 01 08:00:46 UTC 2025","passed","Mon Dec 01 08:00:53 UTC 2025","","Info. Checking the basic functions for the MultiValue","application.Samples.Info.MultiValueOnInfoTest","sorting"
"The test clears the field and clicks the Save button. Then validates the message that the field is required.","0","Required Message text Verification field test","","Mon Dec 01 07:45:02 UTC 2025","skipped","Mon Dec 01 07:45:02 UTC 2025","","List. Checking the basic functions for the CheckBox","application.Samples.List.CheckBoxOnListTest","required"
"The test checks the value of the digits attributes","6399","Required Message text Verification field test","","Mon Dec 01 08:09:32 UTC 2025","passed","Mon Dec 01 08:09:38 UTC 2025","","Form. Checking the basic functions for the Input in the widget Form","application.Samples.Form.InputOnFormTest","maxInput"
"Info Widget is always read-only","5248","A test to check the field for ""Read-only""","","Mon Dec 01 07:59:38 UTC 2025","passed","Mon Dec 01 07:59:43 UTC 2025","","Info. Checking the basic functions for the Date","application.Samples.Info.DateOnInfoTest","readonly"
"The test gets the value from the placeholder attribute and returns it in String format","4749","Test for getting the Placeholder value","","Mon Dec 01 08:09:38 UTC 2025","passed","Mon Dec 01 08:09:43 UTC 2025","","Form. Checking the basic functions for the Input in the widget Form","application.Samples.Form.InputOnFormTest","placeholder"
"The test sets the value in the field. After approval, by clicking on the save button, the popup window, the title, the text in it, and the buttons are validated.","20311","Confirmation Popup Validation Test","","Mon Dec 01 07:49:21 UTC 2025","passed","Mon Dec 01 07:49:42 UTC 2025","","List. Checking the basic functions for the DateTimeWithSeconds in the widget List","application.Samples.List.DateTimeWithSecondsOnListTest","confirm"
"Sorting is not available for the Form widget","6447","Sorting test","","Mon Dec 01 08:13:42 UTC 2025","passed","Mon Dec 01 08:13:49 UTC 2025","","Form. Checking the basic functions for the FileUpload in the widget Form","application.Samples.Form.FileUploadOnFormTest","sorting"
"Filtering is not available for the Form widget","8027","Filtering test","","Mon Dec 01 08:08:25 UTC 2025","passed","Mon Dec 01 08:08:33 UTC 2025","","Form. Checking the basic functions for the Radio in the widget Form","application.Samples.Form.RadioOnFormTest","filtration"
"The test sets the value in the field. After approval, the popup window, the title, the text in it, and the buttons are validated.","10380","Business Exception Validation Test","","Mon Dec 01 07:48:13 UTC 2025","passed","Mon Dec 01 07:48:23 UTC 2025","","List. Checking the basic functions for the Text in the widget List","application.Samples.List.TextOnListTest","businessException"
"Getting the field color is not available","6368","A test to get the field color value in Hex format","","Mon Dec 01 07:45:45 UTC 2025","passed","Mon Dec 01 07:45:51 UTC 2025","","List. Checking the basic functions for the Hint in the widget List","application.Samples.List.HintOnListTest","color"
"Filtering is not available for the Form widget","6263","Filtering test","","Mon Dec 01 08:13:55 UTC 2025","passed","Mon Dec 01 08:14:01 UTC 2025","","Form. Checking the basic functions for the FileUpload in the widget Form","application.Samples.Form.FileUploadOnFormTest","filtration"
"The test sets the value with the wrong data type in the field. After approval, it checks the text under the field, which informs about the correctness of the type of data entered.","7362","Required Message validation test for one field","","Mon Dec 01 08:11:25 UTC 2025","passed","Mon Dec 01 08:11:32 UTC 2025","","Form. Checking the basic functions for the MultiValue in the widget Form","application.Samples.Form.MultiValueOnFormTest","fieldLevelValidationAnnotation"
"The test gets the value from the placeholder attribute and returns it in String format","6942","Test for getting the Placeholder value","","Mon Dec 01 07:39:59 UTC 2025","passed","Mon Dec 01 07:40:06 UTC 2025","","List. Checking the basic functions for the Number in the widget List","application.Samples.List.NumberOnListTest","placeholder"
"The test gets the value in the field, and then checks the value in the field with what should be.","6962","A test for checking a value in a field","","Mon Dec 01 07:45:38 UTC 2025","passed","Mon Dec 01 07:45:45 UTC 2025","","List. Checking the basic functions for the Hint in the widget List","application.Samples.List.HintOnListTest","read"
"The InfoWidget doesn't have a Placeholder.","5018","Test for getting the Placeholder value","","Mon Dec 01 08:00:31 UTC 2025","passed","Mon Dec 01 08:00:36 UTC 2025","","Info. Checking the basic functions for the DateTime","application.Samples.Info.DateTimeOnInfoTest","placeholder"
"The test gets the value in the field, and then checks the value in the field with what should be.","7955","A test for checking a value in a field","","Mon Dec 01 07:53:26 UTC 2025","passed","Mon Dec 01 07:53:34 UTC 2025","","List. Checking the basic functions for the PickList in the widget List","application.Samples.List.PickListOnListTest","read"
"The test sets a value with the wrong data type in several fields for different widgets. After approval, it checks the text under the field, which informs about the correctness of the type of data entered","7633","Required Message validation test for multiple fields","","Mon Dec 01 08:15:13 UTC 2025","passed","Mon Dec 01 08:15:20 UTC 2025","","Form. Checking the basic functions for the FileUpload in the widget Form","application.Samples.Form.FileUploadOnFormTest","fieldLevelValidation"
"Sorting by the specified column.","15834","Sorting test","","Mon Dec 01 08:16:28 UTC 2025","passed","Mon Dec 01 08:16:44 UTC 2025","","List. Checking the basic functions for the Percent in the widget List","application.Samples.List.PercentOnListTest","sorting"
"DrillDown is not available for InfoWidget.","7825","The DrillDown test","","Mon Dec 01 07:58:40 UTC 2025","passed","Mon Dec 01 07:58:48 UTC 2025","","Info. Checking the basic functions for the Percent","application.Samples.Info.PercentOnInfoTest","drillDown"
"The test sets the value in the field. After approval, the popup window, the title, the text in it, and the buttons are validated.","9561","Run-time exception validation test","","Mon Dec 01 07:40:56 UTC 2025","passed","Mon Dec 01 07:41:06 UTC 2025","","List. Checking the basic functions for the Number in the widget List","application.Samples.List.NumberOnListTest","runtimeException"
"Filtering by the specified column.","7721","Filtering test","","Mon Dec 01 07:48:58 UTC 2025","passed","Mon Dec 01 07:49:06 UTC 2025","","List. Checking the basic functions for the FileUpload in the widget List","application.Samples.List.FileUploadOnListTest","filtration"
"The test gets the value from the style attribute in RGB format, and then converts it to Hex format","9787","A test to get the field color value in Hex format","","Mon Dec 01 08:15:03 UTC 2025","passed","Mon Dec 01 08:15:13 UTC 2025","","Form. Checking the basic functions for the Time","application.Samples.Form.TimeOnFormTest","color"
"The test gets the value in the field, and then checks the value in the field with what should be.","1","A test for checking a value in a field","","Mon Dec 01 07:38:50 UTC 2025","skipped","Mon Dec 01 07:38:50 UTC 2025","","List. Checking the basic functions for the Percent in the widget List","application.Samples.List.PercentOnListTest","read"
"The test gets the value from the placeholder attribute and returns it in String format","8288","Test for getting the Placeholder value","","Mon Dec 01 08:07:59 UTC 2025","passed","Mon Dec 01 08:08:07 UTC 2025","","Form. Checking the basic functions for the CheckBox","application.Samples.Form.CheckBoxOnFormTest","placeholder"
"The test gets the value from the style attribute in RGB format, and then converts it to Hex format","9686","A test to get the field color value in Hex format","","Mon Dec 01 07:59:02 UTC 2025","passed","Mon Dec 01 07:59:12 UTC 2025","","Info. Checking the basic functions for the Dictionary","application.Samples.Info.DictionaryOnInfoTest","color"
"The test sets the value in the field. After approval, the popup window, the title, the text in it, and the buttons are validated.","30984","Run-time exception validation test","","Mon Dec 01 07:44:40 UTC 2025","passed","Mon Dec 01 07:45:11 UTC 2025","","List. Checking the basic functions for the Money in the widget List","application.Samples.List.MoneyOnListTest","runtimeException"
"The test opens a modal window, clears the field, closes the window, and then checks the message under the field.","9201","Required Message text Verification field test","","Mon Dec 01 08:12:46 UTC 2025","passed","Mon Dec 01 08:12:55 UTC 2025","","Form. Checking the basic functions for the MultiValue in the widget Form","application.Samples.Form.MultiValueOnFormTest","required_2"
"The test gets the value in the field, and then checks the value in the field with what should be.","0","A test for checking a value in a field","","Mon Dec 01 07:48:43 UTC 2025","skipped","Mon Dec 01 07:48:43 UTC 2025","","List. Checking the basic functions for the Text in the widget List","application.Samples.List.TextOnListTest","read"
"The test gets the value from the style attribute in RGB format, and then converts it to Hex format","8383","A test to get the field color value in Hex format","","Mon Dec 01 08:03:23 UTC 2025","passed","Mon Dec 01 08:03:31 UTC 2025","","Form. Checking the basic functions for the Text in the widget Form","application.Samples.Form.TextOnFormTest","color"
"The test checks for the disabled attribute.","4989","A test to check the field for ""Read-only""","","Mon Dec 01 07:47:49 UTC 2025","passed","Mon Dec 01 07:47:54 UTC 2025","","List. Checking the basic functions for the DateTimeWithSeconds in the widget List","application.Samples.List.DateTimeWithSecondsOnListTest","readonly"
"","7056","The test for getting the value from the field","","Mon Dec 01 07:56:45 UTC 2025","passed","Mon Dec 01 07:56:52 UTC 2025","","Info. Checking the basic functions for the FileUp","application.Samples.Info.FileUploadOnInfoTest","read"
"Filtering is not available for the Form widget","5501","Filtering test","","Mon Dec 01 08:05:19 UTC 2025","passed","Mon Dec 01 08:05:24 UTC 2025","","Form. Checking the basic functions for the Date in the widget Form","application.Samples.Form.DateOnFormTest","filtration"
"The test sets a value with the wrong data type in several fields for different widgets. After approval, it checks the text under the field, which informs about the correctness of the type of data entered","8804","Required Message validation test for multiple fields","","Mon Dec 01 08:07:53 UTC 2025","passed","Mon Dec 01 08:08:02 UTC 2025","","Form. Checking the basic functions for the DateTimeWithSeconds in the widget Form","application.Samples.Form.DateTimeWithSecondsOnFormTest","fieldLevelValidation"
"The test sets the value in the field, and then checks the value in the field with what should be set","10442","A test for setting a value in a field","","Mon Dec 01 08:15:24 UTC 2025","passed","Mon Dec 01 08:15:35 UTC 2025","","Form. Checking the basic functions for the Time","application.Samples.Form.TimeOnFormTest","edit3"
"","4238","getTypeColumn()","","Mon Dec 01 07:44:08 UTC 2025","passed","Mon Dec 01 07:44:13 UTC 2025","","List. Checking the basic functions for the Input in the widget List","application.Samples.List.InputOnListTest","getTypeColumn"
"Sorting is not available for InfoWidget.","4707","Sorting test","","Mon Dec 01 07:58:06 UTC 2025","passed","Mon Dec 01 07:58:10 UTC 2025","","Info. Checking the basic functions for the Hint","application.Samples.Info.HintOnInfoTest","sorting"
"Тест удаляет значение, проверяя автозаполнение в чистом поле","31083","Тест на автозаполнение после очистки","","Mon Dec 01 08:17:04 UTC 2025","passed","Mon Dec 01 08:17:35 UTC 2025","","List. Checking the basic functions for the Percent in the widget List","application.Samples.List.PercentOnListTest","nullable"
"Checking the url before the transition and after the transition/click on a special element","9905","The DrillDown test","","Mon Dec 01 08:15:55 UTC 2025","passed","Mon Dec 01 08:16:05 UTC 2025","","List. Checking the basic functions for the Radio in the widget List","application.Samples.List.RadioOnListTest","drillDown"
"The test gets the value from the style attribute in RGB format, and then converts it to Hex format","7019","A test to get the field color value in Hex format","","Mon Dec 01 08:12:39 UTC 2025","passed","Mon Dec 01 08:12:46 UTC 2025","","Form. Checking the basic functions for the MultiValue in the widget Form","application.Samples.Form.MultiValueOnFormTest","color"
"The test gets the value from the style attribute in RGB format, and then converts it to Hex format","5342","A test to get the field color value in Hex format","","Mon Dec 01 07:59:49 UTC 2025","passed","Mon Dec 01 07:59:54 UTC 2025","","Info. Checking the basic functions for the Date","application.Samples.Info.DateOnInfoTest","color"
"DrillDown is not available for InfoWidget.","7412","The DrillDown test","","Mon Dec 01 08:00:43 UTC 2025","passed","Mon Dec 01 08:00:51 UTC 2025","","Info. Checking the basic functions for the MultiplySelect","application.Samples.Info.MultipleSelectOnInfoTest","drillDown"
"The test sets the value in the field. After approval, by clicking on the save button, the popup window, the title, the text in it, and the buttons are validated","12928","Confirmation Popup Validation Test","","Mon Dec 01 08:05:59 UTC 2025","passed","Mon Dec 01 08:06:12 UTC 2025","","Form. Checking the basic functions for the Suggestion PickList in the widget Form","application.Samples.Form.SuggestionPickListOnFormTest","confirm"
"The InfoWidget doesn't have a Placeholder.","7987","Test for getting the Placeholder value","","Mon Dec 01 08:00:28 UTC 2025","passed","Mon Dec 01 08:00:36 UTC 2025","","Info. Checking the basic functions for the Radio","application.Samples.Info.RadioOnInfoTest","placeholder"
"Checking the url before the transition and after the transition/click on a special element","7574","The DrillDown test","","Mon Dec 01 07:47:34 UTC 2025","passed","Mon Dec 01 07:47:42 UTC 2025","","List. Checking the basic functions for the DateTimeWithSeconds in the widget List","application.Samples.List.DateTimeWithSecondsOnListTest","drillDown"
"The test sets the value in the field, and then checks the value in the field with what should be set.","19512","A test for setting a value in a field","","Mon Dec 01 07:44:34 UTC 2025","passed","Mon Dec 01 07:44:54 UTC 2025","","List. Checking the basic functions for the MultiValue in the widget List","application.Samples.List.MultiValueOnListTest","edit"
"The test sets the value in the field. After approval, the popup window, the title, the text in it, and the buttons are validated.","19784","Run-time exception validation test","","Mon Dec 01 07:54:35 UTC 2025","passed","Mon Dec 01 07:54:55 UTC 2025","","List. Checking the basic functions for the PickList in the widget List","application.Samples.List.PickListOnListTest","runtimeException"
"The test sets the value in the field. After approval, the popup window, the title, the text in it, and the buttons are validated.","7900","Business Exception Validation Test","","Mon Dec 01 07:49:44 UTC 2025","passed","Mon Dec 01 07:49:52 UTC 2025","","List. Checking the basic functions for the FileUpload in the widget List","application.Samples.List.FileUploadOnListTest","businessException"
"Sorting is not available for the Form widget","6347","Sorting test","","Mon Dec 01 08:02:34 UTC 2025","passed","Mon Dec 01 08:02:40 UTC 2025","","Form. Checking the basic functions for the Number in the widget Form","application.Samples.Form.NumberOnFormTest","sorting"
"Checking the url before the transition and after the transition/click on a special element","10826","The DrillDown test","","Mon Dec 01 07:59:53 UTC 2025","passed","Mon Dec 01 08:00:04 UTC 2025","","Info. Checking the basic functions for the Time","application.Samples.Info.TimeOnInfoTest","drillDown"
"The test gets the value from the style attribute in RGB format, and then converts it to Hex format","6266","A test to get the field color value in Hex format","","Mon Dec 01 08:03:42 UTC 2025","passed","Mon Dec 01 08:03:48 UTC 2025","","Form. Checking the basic functions for the Number in the widget Form","application.Samples.Form.NumberOnFormTest","color"
"The test gets the value from the style attribute in RGB format, and then converts it to Hex format","0","A test to get the field color value in Hex format","","Mon Dec 01 08:10:46 UTC 2025","skipped","Mon Dec 01 08:10:46 UTC 2025","","Form. Checking the basic functions for the PickList in the widget Form","application.Samples.Form.PickListOnFormTest","color"
"Checking the url before the transition and after the transition/click on a special element","5566","The DrillDown test","","Mon Dec 01 08:06:47 UTC 2025","passed","Mon Dec 01 08:06:53 UTC 2025","","Form. Checking the basic functions for the DateTimeWithSeconds in the widget Form","application.Samples.Form.DateTimeWithSecondsOnFormTest","drillDown"
"DrillDown is not available for InfoWidget.","4690","The DrillDown test","","Mon Dec 01 07:56:50 UTC 2025","passed","Mon Dec 01 07:56:55 UTC 2025","","Info. Checking the basic functions for the Input","application.Samples.Info.InputOnInfoTest","drillDown"
"Filtering by the specified column.","8156","Filtering test","","Mon Dec 01 07:55:18 UTC 2025","passed","Mon Dec 01 07:55:26 UTC 2025","","List. Checking the basic functions for the DateTime in the widget List","application.Samples.List.DateTimeOnListTest","filtration"
"Info Widget is always read-only","4386","A test to check the field for ""Read-only""","","Mon Dec 01 07:58:19 UTC 2025","passed","Mon Dec 01 07:58:24 UTC 2025","","Info. Checking the basic functions for the Hint","application.Samples.Info.HintOnInfoTest","readonly"
"The test checks the creation and deletion in the dictionary and the result of this work on another screen.","29314","Test region at Form","","Mon Dec 01 08:02:21 UTC 2025","passed","Mon Dec 01 08:02:51 UTC 2025","","Checking the basic functions for the Dictionary administration panel","application.Samples.DictionaryAdministrationTest","regionsForm"
"The test sets the value in the field. After approval, the popup window, the title, the text in it, and the buttons are validated","11092","Business Exception Validation Test","","Mon Dec 01 08:09:44 UTC 2025","passed","Mon Dec 01 08:09:55 UTC 2025","","Form. Checking the basic functions for the Dictionary in the widget Form","application.Samples.Form.DictionaryOnFormTest","businessException"
"Checking the url before the transition and after the transition/click on a special element","7538","The DrillDown test","","Mon Dec 01 07:51:05 UTC 2025","passed","Mon Dec 01 07:51:13 UTC 2025","","List. Checking the basic functions for the PickList in the widget List","application.Samples.List.PickListOnListTest","drillDown"
"The test sets the value in the field. After approval, by clicking on the save button, the popup window, the title, the text in it, and the buttons are validated","7838","Confirmation Popup Validation Test","","Mon Dec 01 08:15:05 UTC 2025","passed","Mon Dec 01 08:15:13 UTC 2025","","Form. Checking the basic functions for the FileUpload in the widget Form","application.Samples.Form.FileUploadOnFormTest","confirm"
"","8141","The test for getting the value from the field","","Mon Dec 01 07:57:49 UTC 2025","passed","Mon Dec 01 07:57:57 UTC 2025","","Info. Checking the basic functions for the CheckBox","application.Samples.Info.CheckboxOnInfoTest","read"
"Checking the url before the transition and after the transition/click on a special element","11046","The DrillDown test","","Mon Dec 01 07:46:08 UTC 2025","passed","Mon Dec 01 07:46:19 UTC 2025","","List. Checking the basic functions for the Time","application.Samples.List.TimeOnListTest","drillDown"
"Sorting is not available for the Form widget","4994","Sorting test","","Mon Dec 01 08:14:18 UTC 2025","passed","Mon Dec 01 08:14:23 UTC 2025","","Form. Checking the basic functions for the DateTime in the widget Form","application.Samples.Form.DateTimeOnFormTest","sorting"
"The test gets the value from the placeholder attribute and returns it in String format","11813","Test for getting the Placeholder value","","Mon Dec 01 08:05:47 UTC 2025","passed","Mon Dec 01 08:05:59 UTC 2025","","Form. Checking the basic functions for the Suggestion PickList in the widget Form","application.Samples.Form.SuggestionPickListOnFormTest","placeholder"
"The test checks for the disabled attribute","5741","A test to check the field for ""Read-only""","","Mon Dec 01 08:03:06 UTC 2025","passed","Mon Dec 01 08:03:12 UTC 2025","","Form. Checking the basic functions for the Number in the widget Form","application.Samples.Form.NumberOnFormTest","readonly"
"Filtering is not available for InfoWidget.","5293","Filtering test","","Mon Dec 01 07:59:33 UTC 2025","passed","Mon Dec 01 07:59:38 UTC 2025","","Info. Checking the basic functions for the Date","application.Samples.Info.DateOnInfoTest","filtration"
"Checking the url before the transition and after the transition/click on a special element","8388","The DrillDown test","","Mon Dec 01 08:11:41 UTC 2025","passed","Mon Dec 01 08:11:50 UTC 2025","","Form. Checking the basic functions for the Percent in the widget Form","application.Samples.Form.PercentOnFormTest","drillDown"
"The test sets the value with the wrong data type in the field. After approval, it checks the text under the field, which informs about the correctness of the type of data entered","11025","Required Message validation test for one field","","Mon Dec 01 08:06:32 UTC 2025","passed","Mon Dec 01 08:06:43 UTC 2025","","Form. Checking the basic functions for the InlinePickList in the widget Form","application.Samples.Form.InlinePickListOnFormTest","fieldLevelValidationAnnotation"
"The test sets the value with the wrong data type in the field. After approval, it checks the text under the field, which informs about the correctness of the type of data entered","6115","Required Message validation test for one field","","Mon Dec 01 08:09:04 UTC 2025","passed","Mon Dec 01 08:09:10 UTC 2025","","Form. Checking the basic functions for the Input in the widget Form","application.Samples.Form.InputOnFormTest","fieldLevelValidationAnnotation"
"The test sets a value with the wrong data type in several fields for different widgets. After approval, it checks the text under the field, which informs about the correctness of the type of data entered","15560","Required Message validation test for multiple fields","","Mon Dec 01 07:56:18 UTC 2025","passed","Mon Dec 01 07:56:34 UTC 2025","","List. Checking the basic functions for the Dictionary in the widget List","application.Samples.List.DictionaryOnListTest","fieldLevelValidation"
"The test sets the value in the field, and then checks the value in the field with what should be set.","19517","A test for setting a value in a field","","Mon Dec 01 07:39:32 UTC 2025","passed","Mon Dec 01 07:39:52 UTC 2025","","List. Checking the basic functions for the Number in the widget List","application.Samples.List.NumberOnListTest","edit"
"Checking the url before the transition and after the transition/click on a special element","9194","The DrillDown test","","Mon Dec 01 08:08:47 UTC 2025","passed","Mon Dec 01 08:08:56 UTC 2025","","Form. Checking the basic functions for the Dictionary in the widget Form","application.Samples.Form.DictionaryOnFormTest","drillDown"
"The test calls Popup, the method returns a list with column headings","7175","The test for getting column headings","","Mon Dec 01 08:11:16 UTC 2025","passed","Mon Dec 01 08:11:23 UTC 2025","","Form. Checking the basic functions for the PickList in the widget Form","application.Samples.Form.PickListOnFormTest","getColumnName"
"The test clears the field and clicks the Save button. Then validates the message that the field is required","7596","Required Message text Verification field test","","Mon Dec 01 08:10:23 UTC 2025","passed","Mon Dec 01 08:10:31 UTC 2025","","Form. Checking the basic functions for the PickList in the widget Form","application.Samples.Form.PickListOnFormTest","required"
"Filtering is not available for the Form widget","7991","Filtering test","","Mon Dec 01 08:12:00 UTC 2025","passed","Mon Dec 01 08:12:08 UTC 2025","","Form. Checking the basic functions for the Percent in the widget Form","application.Samples.Form.PercentOnFormTest","filtration"
"The test adds a value after removing all previous values.","9417","Value setting test with field clearing","","Mon Dec 01 08:13:43 UTC 2025","passed","Mon Dec 01 08:13:52 UTC 2025","","Form. Checking the basic functions for the MultipleSelect in the widget Form","application.Samples.Form.MultipleSelectOnFormTest","setValue"
"The test checks for the disabled attribute","10378","A test to check the field for ""Read-only""","","Mon Dec 01 08:14:30 UTC 2025","passed","Mon Dec 01 08:14:40 UTC 2025","","Form. Checking the basic functions for the Time","application.Samples.Form.TimeOnFormTest","readonly"
"The test gets the value from the placeholder attribute and returns it in String format","8732","Test for getting the Placeholder value","","Mon Dec 01 07:38:59 UTC 2025","passed","Mon Dec 01 07:39:07 UTC 2025","","List. Checking the basic functions for the Percent in the widget List","application.Samples.List.PercentOnListTest","placeholder"
"Filtering by the specified column.","8210","Filtering test","","Mon Dec 01 07:41:26 UTC 2025","passed","Mon Dec 01 07:41:34 UTC 2025","","List. Checking the basic functions for the MultipleSelect in the widget List","application.Samples.List.MultipleSelectOnListTest","filtration"
"The test sets the value in the field. After approval, the popup window, the title, the text in it, and the buttons are validated","9796","Business Exception Validation Test","","Mon Dec 01 08:03:04 UTC 2025","passed","Mon Dec 01 08:03:13 UTC 2025","","Form. Checking the basic functions for the Text in the widget Form","application.Samples.Form.TextOnFormTest","businessException"
"The test gets the value from the placeholder attribute and returns it in String format","8229","Test for getting the Placeholder value","","Mon Dec 01 08:09:16 UTC 2025","passed","Mon Dec 01 08:09:24 UTC 2025","","Form. Checking the basic functions for the Radio in the widget Form","application.Samples.Form.RadioOnFormTest","placeholder"
"The test checks for the disabled attribute","5043","A test to check the field for ""Read-only""","","Mon Dec 01 08:14:32 UTC 2025","passed","Mon Dec 01 08:14:37 UTC 2025","","Form. Checking the basic functions for the DateTime in the widget Form","application.Samples.Form.DateTimeOnFormTest","readonly"
"Filtering is not available for the Form widget","6336","Filtering test","","Mon Dec 01 08:04:30 UTC 2025","passed","Mon Dec 01 08:04:37 UTC 2025","","Form. Checking the basic functions for the Money in the widget Form","application.Samples.Form.MoneyOnFormTest","filtration"
"The test sets the value with the wrong data type in the field. After approval, it checks the text under the field, which informs about the correctness of the type of data entered","7406","Required Message validation test for one field","","Mon Dec 01 08:14:08 UTC 2025","passed","Mon Dec 01 08:14:15 UTC 2025","","Form. Checking the basic functions for the FileUpload in the widget Form","application.Samples.Form.FileUploadOnFormTest","fieldLevelValidationAnnotation"
"Filtering is not available for the Form widget","4621","Filtering test","","Mon Dec 01 08:08:54 UTC 2025","passed","Mon Dec 01 08:08:59 UTC 2025","","Form. Checking the basic functions for the Input in the widget Form","application.Samples.Form.InputOnFormTest","filtration"
"The method returns Option-Status pairs, for all. The test checks each pair.","8059","Test to check the status of all options","","Mon Dec 01 08:13:35 UTC 2025","passed","Mon Dec 01 08:13:43 UTC 2025","","Form. Checking the basic functions for the MultipleSelect in the widget Form","application.Samples.Form.MultipleSelectOnFormTest","statusOptions"
"The test sets a value with the wrong data type in several fields for different widgets. After approval, it checks the text under the field, which informs about the correctness of the type of data entered","64760","Required Message validation test for multiple fields","","Mon Dec 01 07:49:42 UTC 2025","passed","Mon Dec 01 07:50:46 UTC 2025","","List. Checking the basic functions for the DateTimeWithSeconds in the widget List","application.Samples.List.DateTimeWithSecondsOnListTest","fieldLevelValidation"
"The test checks for the disabled attribute.","10320","A test to check the field for ""Read-only""","","Mon Dec 01 08:17:19 UTC 2025","passed","Mon Dec 01 08:17:30 UTC 2025","","List. Checking the basic functions for the SuggestionPickList in the widget List","application.Samples.List.SuggestionPickListOnListTest","readonly"
"The test sets the value in the field. After approval, the popup window, the title, the text in it, and the buttons are validated.","20819","Business Exception Validation Test","","Mon Dec 01 07:48:15 UTC 2025","passed","Mon Dec 01 07:48:36 UTC 2025","","List. Checking the basic functions for the DateTimeWithSeconds in the widget List","application.Samples.List.DateTimeWithSecondsOnListTest","businessException"
"The transition/Redirect is not available","6290","The DrillDown test","","Mon Dec 01 07:45:12 UTC 2025","passed","Mon Dec 01 07:45:18 UTC 2025","","List. Checking the basic functions for the Hint in the widget List","application.Samples.List.HintOnListTest","drillDown"
"Filtering is not available for InfoWidget.","8104","Filtering test","","Mon Dec 01 07:59:56 UTC 2025","passed","Mon Dec 01 08:00:04 UTC 2025","","Info. Checking the basic functions for the Radio","application.Samples.Info.RadioOnInfoTest","filtration"
"The test checks for the disabled attribute.","10508","A test to check the field for ""Read-only""","","Mon Dec 01 07:50:40 UTC 2025","passed","Mon Dec 01 07:50:50 UTC 2025","","List. Checking the basic functions for the InlinePickList in the widget List","application.Samples.List.InlinePickListOnListTest","readonly"
"The test sets the value with the wrong data type in the field. After approval, it checks the text under the field, which informs about the correctness of the type of data entered","8257","Required Message validation test for one field","","Mon Dec 01 08:12:36 UTC 2025","passed","Mon Dec 01 08:12:44 UTC 2025","","Form. Checking the basic functions for the MultipleSelect in the widget Form","application.Samples.Form.MultipleSelectOnFormTest","fieldLevelValidationAnnotation"
"Sorting is not available for the Form widget","6880","Sorting test","","Mon Dec 01 08:10:03 UTC 2025","passed","Mon Dec 01 08:10:10 UTC 2025","","Form. Checking the basic functions for the PickList in the widget Form","application.Samples.Form.PickListOnFormTest","sorting"
"The test sets the value in the field. After approval, by clicking on the save button, the popup window, the title, the text in it, and the buttons are validated.","8840","Confirmation Popup Validation Test","","Mon Dec 01 08:13:20 UTC 2025","passed","Mon Dec 01 08:13:29 UTC 2025","","Form. Checking the basic functions for the MultiValue in the widget Form","application.Samples.Form.MultiValueOnFormTest","confirm"
"The test sets the value with the wrong data type in the field. After approval, it checks the text under the field, which informs about the correctness of the type of data entered.","40690","Required Message validation test for one field","","Mon Dec 01 07:40:14 UTC 2025","passed","Mon Dec 01 07:40:54 UTC 2025","","List. Checking the basic functions for the Money in the widget List","application.Samples.List.MoneyOnListTest","fieldLevelValidationAnnotation"
"The test sets the value in the field. After approval, the popup window, the title, the text in it, and the buttons are validated.","9750","Business Exception Validation Test","","Mon Dec 01 07:44:25 UTC 2025","passed","Mon Dec 01 07:44:34 UTC 2025","","List. Checking the basic functions for the MultiValue in the widget List","application.Samples.List.MultiValueOnListTest","businessException"
"The test checks for the disabled attribute","8054","A test to check the field for ""Read-only""","","Mon Dec 01 08:02:36 UTC 2025","passed","Mon Dec 01 08:02:44 UTC 2025","","Form. Checking the basic functions for the Text in the widget Form","application.Samples.Form.TextOnFormTest","readonly"
"The test checks the downloaded file with the template file that is contained in the resources","8400","A test to compare the downloaded file with the template","","Mon Dec 01 07:50:34 UTC 2025","passed","Mon Dec 01 07:50:42 UTC 2025","","List. Checking the basic functions for the FileUpload in the widget List","application.Samples.List.FileUploadOnListTest","compare"
"The test sets the value in the field, and then checks the value in the field with what should be set","24078","A test for setting a value in a field","","Mon Dec 01 07:46:56 UTC 2025","passed","Mon Dec 01 07:47:21 UTC 2025","","List. Checking the basic functions for the Time","application.Samples.List.TimeOnListTest","edit"
"The test checks the list of options that the method returns, with the expected result","8988","Test to get a list of options","","Mon Dec 01 08:12:13 UTC 2025","passed","Mon Dec 01 08:12:22 UTC 2025","","Form. Checking the basic functions for the MultipleSelect in the widget Form","application.Samples.Form.MultipleSelectOnFormTest","getListOptions"
"The test clears the field and clicks the Save button. Then validates the message that the field is required","6412","Required Message text Verification field test","","Mon Dec 01 08:07:12 UTC 2025","passed","Mon Dec 01 08:07:18 UTC 2025","","Form. Checking the basic functions for the DateTimeWithSeconds in the widget Form","application.Samples.Form.DateTimeWithSecondsOnFormTest","required"
"The InfoWidget doesn't have a Placeholder.","9514","Test for getting the Placeholder value","","Mon Dec 01 07:59:12 UTC 2025","passed","Mon Dec 01 07:59:21 UTC 2025","","Info. Checking the basic functions for the Dictionary","application.Samples.Info.DictionaryOnInfoTest","placeholder"
"The test sets the value to false in the field, and then checks the value in the field with what should be set.","9145","A test for setting a value in a field","","Mon Dec 01 07:45:12 UTC 2025","passed","Mon Dec 01 07:45:21 UTC 2025","","List. Checking the basic functions for the CheckBox","application.Samples.List.CheckBoxOnListTest","edit"
"The test clear the value in the field , and then checks the value in the field, it must be null.","7508","A test for checking the possibility of an empty field","","Mon Dec 01 07:38:06 UTC 2025","passed","Mon Dec 01 07:38:13 UTC 2025","","List. Checking the basic functions for the Number in the widget List","application.Samples.List.NumberOnListTest","nullable"
"The test clears the field and clicks the Save button. Then validates the message that the field is required.","19078","Required Message text Verification field test","","Mon Dec 01 07:39:03 UTC 2025","passed","Mon Dec 01 07:39:22 UTC 2025","","List. Checking the basic functions for the Number in the widget List","application.Samples.List.NumberOnListTest","required"
"The test sets the value with the wrong data type in the field. After approval, it checks the text under the field, which informs about the correctness of the type of data entered.","10802","Required Message validation test for one field","","Mon Dec 01 07:41:41 UTC 2025","passed","Mon Dec 01 07:41:52 UTC 2025","","List. Checking the basic functions for the MultipleSelect in the widget List","application.Samples.List.MultipleSelectOnListTest","fieldLevelValidationAnnotation"
"The test gets the value from the style attribute in RGB format, and then converts it to Hex format","12603","A test to get the field color value in Hex format","","Mon Dec 01 07:47:21 UTC 2025","passed","Mon Dec 01 07:47:33 UTC 2025","","List. Checking the basic functions for the Time","application.Samples.List.TimeOnListTest","color"
"Checking the url before the transition and after the transition/click on a special element","7061","The DrillDown test","","Mon Dec 01 08:12:06 UTC 2025","passed","Mon Dec 01 08:12:13 UTC 2025","","Form. Checking the basic functions for the MultipleSelect in the widget Form","application.Samples.Form.MultipleSelectOnFormTest","drillDown"
"Sorting is not available for InfoWidget.","5702","Sorting test","","Mon Dec 01 08:01:29 UTC 2025","passed","Mon Dec 01 08:01:35 UTC 2025","","Info. Checking the basic functions for the DateTimeWithSeconds","application.Samples.Info.DateTimeWithSecondsOnInfoTest","sorting"
"The test sets the value with the wrong data type in the field. After approval, it checks the text under the field, which informs about the correctness of the type of data entered.","10970","Required Message validation test for one field","","Mon Dec 01 07:44:51 UTC 2025","passed","Mon Dec 01 07:45:02 UTC 2025","","List. Checking the basic functions for the CheckBox","application.Samples.List.CheckBoxOnListTest","fieldLevelValidationAnnotation"
"The test clears the field and clicks the Save button. Then validates the message that the field is required","9974","Required Message text Verification field test","","Mon Dec 01 08:09:34 UTC 2025","passed","Mon Dec 01 08:09:44 UTC 2025","","Form. Checking the basic functions for the Dictionary in the widget Form","application.Samples.Form.DictionaryOnFormTest","required"
"The test clears the field and clicks the Save button. Then validates the message that the field is required.","0","Required Message text Verification field test","","Mon Dec 01 07:37:00 UTC 2025","skipped","Mon Dec 01 07:37:00 UTC 2025","","List. Checking the basic functions for the Radio in the widget List","application.Samples.List.RadioOnListTest","required"
"The test sets the value in the field. After approval, the popup window, the title, the text in it, and the buttons are validated.","10873","Run-time exception validation test","","Mon Dec 01 07:46:15 UTC 2025","passed","Mon Dec 01 07:46:26 UTC 2025","","List. Checking the basic functions for the CheckBox","application.Samples.List.CheckBoxOnListTest","runtimeException"
"Sorting is not available for InfoWidget.","4918","Sorting test","","Mon Dec 01 07:56:45 UTC 2025","passed","Mon Dec 01 07:56:50 UTC 2025","","Info. Checking the basic functions for the Input","application.Samples.Info.InputOnInfoTest","sorting"
"The test checks for the disabled attribute","5716","A test to check the field for ""Read-only""","","Mon Dec 01 08:11:16 UTC 2025","passed","Mon Dec 01 08:11:21 UTC 2025","","Form. Checking the basic functions for the NumberDigits in the widget Form","application.Samples.Form.NumberDigitsOnFormTest","readonly"
"The test sets the value with the wrong data type in the field. After approval, it checks the text under the field, which informs about the correctness of the type of data entered","7830","Required Message validation test for one field","","Mon Dec 01 08:05:37 UTC 2025","passed","Mon Dec 01 08:05:45 UTC 2025","","Form. Checking the basic functions for the Date in the widget Form","application.Samples.Form.DateOnFormTest","fieldLevelValidationAnnotation"
"The test gets the value from the style attribute in RGB format, and then converts it to Hex format","28102","A test to get the field color value in Hex format","","Mon Dec 01 07:37:11 UTC 2025","passed","Mon Dec 01 07:37:39 UTC 2025","","List. Checking the basic functions for the SuggestionPickList in the widget List","application.Samples.List.SuggestionPickListOnListTest","color"
"DrillDown is not available for InfoWidget.","7572","The DrillDown test","","Mon Dec 01 07:57:24 UTC 2025","passed","Mon Dec 01 07:57:32 UTC 2025","","Info. Checking the basic functions for the MultiValueHover","application.Samples.Info.MultiValueHoverOnInfoTest","drillDown"
"The test sets the value in the field. After approval, the popup window, the title, the text in it, and the buttons are validated","9201","Run-time exception validation test","","Mon Dec 01 08:09:54 UTC 2025","passed","Mon Dec 01 08:10:03 UTC 2025","","Form. Checking the basic functions for the Radio in the widget Form","application.Samples.Form.RadioOnFormTest","runtimeException"
"The test sets the value with the wrong data type in the field. After approval, it checks the text under the field, which informs about the correctness of the type of data entered","10260","Required Message validation test for one field","","Mon Dec 01 08:02:44 UTC 2025","passed","Mon Dec 01 08:02:54 UTC 2025","","Form. Checking the basic functions for the Text in the widget Form","application.Samples.Form.TextOnFormTest","fieldLevelValidationAnnotation"
"The test gets the value from the placeholder attribute and returns it in String format","6334","Test for getting the Placeholder value","","Mon Dec 01 08:10:46 UTC 2025","passed","Mon Dec 01 08:10:52 UTC 2025","","Form. Checking the basic functions for the PickList in the widget Form","application.Samples.Form.PickListOnFormTest","placeholder"
"The test gets the value from the placeholder attribute and returns it in String format","10001","Test for getting the Placeholder value","","Mon Dec 01 07:52:50 UTC 2025","passed","Mon Dec 01 07:53:00 UTC 2025","","List. Checking the basic functions for the InlinePickList in the widget List","application.Samples.List.InlinePickListOnListTest","placeholder"
"The test checks the status of one option, whether it is selected or not.","8523","A test to check the status of one option","","Mon Dec 01 07:43:22 UTC 2025","passed","Mon Dec 01 07:43:31 UTC 2025","","List. Checking the basic functions for the MultipleSelect in the widget List","application.Samples.List.MultipleSelectOnListTest","statusOption"
"Checking the url before the transition and after the transition/click on a special element","6886","The DrillDown test","","Mon Dec 01 08:10:14 UTC 2025","passed","Mon Dec 01 08:10:21 UTC 2025","","Form. Checking the basic functions for the MultiValue in the widget Form","application.Samples.Form.MultiValueOnFormTest","drillDown"
"The test checks the value in the field with what should be set","10321","A test to read value","","Mon Dec 01 08:00:04 UTC 2025","passed","Mon Dec 01 08:00:14 UTC 2025","","Info. Checking the basic functions for the Time","application.Samples.Info.TimeOnInfoTest","read"
"The test clears the field and clicks the Save button. Then validates the message that the field is required.","24331","Required Message text Verification field test","","Mon Dec 01 07:46:32 UTC 2025","passed","Mon Dec 01 07:46:56 UTC 2025","","List. Checking the basic functions for the Time","application.Samples.List.TimeOnListTest","required"
"The test sets a value with the wrong data type in several fields for different widgets. After approval, it checks the text under the field, which informs about the correctness of the type of data entered","34236","Required Message validation test for multiple fields","","Mon Dec 01 07:45:44 UTC 2025","passed","Mon Dec 01 07:46:19 UTC 2025","","List. Checking the basic functions for the MultiValue in the widget List","application.Samples.List.MultiValueOnListTest","fieldLevelValidation"
"The test gets the value in the field, and then checks the value in the field with what should be.","0","A test for checking a value in a field","","Mon Dec 01 07:39:52 UTC 2025","skipped","Mon Dec 01 07:39:52 UTC 2025","","List. Checking the basic functions for the Number in the widget List","application.Samples.List.NumberOnListTest","read"
"The test clears the field and clicks the Save button. Then validates the message that the field is required","13182","Required Message text Verification field test","","Mon Dec 01 08:05:06 UTC 2025","passed","Mon Dec 01 08:05:20 UTC 2025","","Form. Checking the basic functions for the Suggestion PickList in the widget Form","application.Samples.Form.SuggestionPickListOnFormTest","required"
"The test gets the value in the field, and then checks the value in the field with what should be.","0","A test for checking a value in a field","","Mon Dec 01 07:49:59 UTC 2025","skipped","Mon Dec 01 07:49:59 UTC 2025","","List. Checking the basic functions for the FileUpload in the widget List","application.Samples.List.FileUploadOnListTest","read"
"The Hint field type is always read-only","6547","A test to check the field for ""Read-only""","","Mon Dec 01 07:45:24 UTC 2025","passed","Mon Dec 01 07:45:31 UTC 2025","","List. Checking the basic functions for the Hint in the widget List","application.Samples.List.HintOnListTest","readonly"
"Sorting by the specified column.","17517","Sorting test","","Mon Dec 01 07:54:55 UTC 2025","passed","Mon Dec 01 07:55:12 UTC 2025","","List. Checking the basic functions for the DateTime in the widget List","application.Samples.List.DateTimeOnListTest","sorting"
"The test sets the value in the field, and then checks the value in the field with what should be set.","28149","A test for setting a value in a field","","Mon Dec 01 07:53:11 UTC 2025","passed","Mon Dec 01 07:53:39 UTC 2025","","List. Checking the basic functions for the Date in the widget List","application.Samples.List.DateOnListTest","edit"
"The test gets the value from the style attribute in RGB format, and then converts it to Hex format","7160","A test to get the field color value in Hex format","","Mon Dec 01 07:42:25 UTC 2025","passed","Mon Dec 01 07:42:32 UTC 2025","","List. Checking the basic functions for the Money in the widget List","application.Samples.List.MoneyOnListTest","color"
"The test sets a value with the wrong data type in several fields for different widgets. After approval, it checks the text under the field, which informs about the correctness of the type of data entered","12236","Required Message validation test for multiple fields","","Mon Dec 01 08:07:58 UTC 2025","passed","Mon Dec 01 08:08:10 UTC 2025","","Form. Checking the basic functions for the InlinePickList in the widget Form","application.Samples.Form.InlinePickListOnFormTest","fieldLevelValidation"
"Sorting by the specified column.","11521","Sorting test","","Mon Dec 01 07:46:49 UTC 2025","passed","Mon Dec 01 07:47:00 UTC 2025","","List. Checking the basic functions for the Text in the widget List","application.Samples.List.TextOnListTest","sorting"
"Filtering by the specified column.","9844","Filtering test","","Mon Dec 01 07:50:30 UTC 2025","passed","Mon Dec 01 07:50:40 UTC 2025","","List. Checking the basic functions for the InlinePickList in the widget List","application.Samples.List.InlinePickListOnListTest","filtration"
"Info Widget is always read-only","7967","A test to check the field for ""Read-only""","","Mon Dec 01 07:58:37 UTC 2025","passed","Mon Dec 01 07:58:45 UTC 2025","","Info. Checking the basic functions for the Dictionary","application.Samples.Info.DictionaryOnInfoTest","readonly"
"The test gets the value from the style attribute in RGB format, and then converts it to Hex format","8006","A test to get the field color value in Hex format","","Mon Dec 01 08:09:08 UTC 2025","passed","Mon Dec 01 08:09:16 UTC 2025","","Form. Checking the basic functions for the Radio in the widget Form","application.Samples.Form.RadioOnFormTest","color"
"The test gets the value from the placeholder attribute and returns it in String format","6087","Test for getting the Placeholder value","","Mon Dec 01 08:11:35 UTC 2025","passed","Mon Dec 01 08:11:41 UTC 2025","","Form. Checking the basic functions for the NumberDigits in the widget Form","application.Samples.Form.NumberDigitsOnFormTest","placeholder"
"The test gets the value from the style attribute in RGB format, and then converts it to Hex format","8637","A test to get the field color value in Hex format","","Mon Dec 01 08:12:54 UTC 2025","passed","Mon Dec 01 08:13:03 UTC 2025","","Form. Checking the basic functions for the Percent in the widget Form","application.Samples.Form.PercentOnFormTest","color"
"The test gets the value from the style attribute in RGB format, and then converts it to Hex format","8301","A test to get the field color value in Hex format","","Mon Dec 01 08:00:20 UTC 2025","passed","Mon Dec 01 08:00:28 UTC 2025","","Info. Checking the basic functions for the Radio","application.Samples.Info.RadioOnInfoTest","color"
"The test sets the value in the field, and then checks the value in the field with what should be set.","7302","A test for setting a value in a field","","Mon Dec 01 07:49:52 UTC 2025","passed","Mon Dec 01 07:49:59 UTC 2025","","List. Checking the basic functions for the FileUpload in the widget List","application.Samples.List.FileUploadOnListTest","edit"
"The test sets the value in the field. After approval, the popup window, the title, the text in it, and the buttons are validated.","18707","Business Exception Validation Test","","Mon Dec 01 07:56:26 UTC 2025","passed","Mon Dec 01 07:56:44 UTC 2025","","List. Checking the basic functions for the DateTime in the widget List","application.Samples.List.DateTimeOnListTest","businessException"
"The test sets the value in the field. After approval, the popup window, the title, the text in it, and the buttons are validated","9164","Business Exception Validation Test","","Mon Dec 01 08:08:50 UTC 2025","passed","Mon Dec 01 08:08:59 UTC 2025","","Form. Checking the basic functions for the Radio in the widget Form","application.Samples.Form.RadioOnFormTest","businessException"
"The test gets the value from the placeholder attribute and returns it in String format","6030","Test for getting the Placeholder value","","Mon Dec 01 08:07:39 UTC 2025","passed","Mon Dec 01 08:07:45 UTC 2025","","Form. Checking the basic functions for the DateTimeWithSeconds in the widget Form","application.Samples.Form.DateTimeWithSecondsOnFormTest","placeholder"
"","9282","The test for getting the value from the field","","Mon Dec 01 08:00:55 UTC 2025","passed","Mon Dec 01 08:01:04 UTC 2025","","Info. Checking the basic functions for the MultiField","application.Samples.Info.MultiFieldOnInfoTest","read"
"The InfoWidget doesn't have a Placeholder.","6199","Test for getting the Placeholder value","","Mon Dec 01 08:02:04 UTC 2025","passed","Mon Dec 01 08:02:10 UTC 2025","","Info. Checking the basic functions for the DateTimeWithSeconds","application.Samples.Info.DateTimeWithSecondsOnInfoTest","placeholder"
"Filtering by the specified column.","8534","Filtering test","","Mon Dec 01 07:47:10 UTC 2025","passed","Mon Dec 01 07:47:18 UTC 2025","","List. Checking the basic functions for the Text in the widget List","application.Samples.List.TextOnListTest","filtration"
"Info Widget is always read-only","4502","A test to check the field for ""Read-only""","","Mon Dec 01 07:56:59 UTC 2025","passed","Mon Dec 01 07:57:04 UTC 2025","","Info. Checking the basic functions for the Input","application.Samples.Info.InputOnInfoTest","readonly"
"Filtering is not available for the Form widget","8748","Filtering test","","Mon Dec 01 08:06:14 UTC 2025","passed","Mon Dec 01 08:06:23 UTC 2025","","Form. Checking the basic functions for the InlinePickList in the widget Form","application.Samples.Form.InlinePickListOnFormTest","filtration"
"The test sets a value with the wrong data type in several fields for different widgets. After approval, it checks the text under the field, which informs about the correctness of the type of data entered","41266","Required Message validation test for multiple fields","","Mon Dec 01 07:40:15 UTC 2025","passed","Mon Dec 01 07:40:56 UTC 2025","","List. Checking the basic functions for the Number in the widget List","application.Samples.List.NumberOnListTest","fieldLevelValidation"
"The test gets the value from the style attribute in RGB format, and then converts it to Hex format","9777","A test to get the field color value in Hex format","","Mon Dec 01 07:45:21 UTC 2025","passed","Mon Dec 01 07:45:31 UTC 2025","","List. Checking the basic functions for the CheckBox","application.Samples.List.CheckBoxOnListTest","color"
"The test checks for the disabled attribute.","6945","A test to check the field for ""Read-only""","","Mon Dec 01 07:55:26 UTC 2025","passed","Mon Dec 01 07:55:33 UTC 2025","","List. Checking the basic functions for the DateTime in the widget List","application.Samples.List.DateTimeOnListTest","readonly"
"The test sets the value with the wrong data type in the field. After approval, it checks the text under the field, which informs about the correctness of the type of data entered.","21832","Required Message validation test for one field","","Mon Dec 01 08:16:34 UTC 2025","passed","Mon Dec 01 08:16:56 UTC 2025","","List. Checking the basic functions for the Radio in the widget List","application.Samples.List.RadioOnListTest","fieldLevelValidationAnnotation"
"The InfoWidget doesn't have a Placeholder.","8508","Test for getting the Placeholder value","","Mon Dec 01 07:59:31 UTC 2025","passed","Mon Dec 01 07:59:39 UTC 2025","","Info. Checking the basic functions for the Percent","application.Samples.Info.PercentOnInfoTest","placeholder"
"The test sets the value in the field. After approval, by clicking on the save button, the popup window, the title, the text in it, and the buttons are validated","9903","Confirmation Popup Validation Test","","Mon Dec 01 08:13:11 UTC 2025","passed","Mon Dec 01 08:13:21 UTC 2025","","Form. Checking the basic functions for the Percent in the widget Form","application.Samples.Form.PercentOnFormTest","confirm"
"The test sets the value with the wrong data type in the field. After approval, it checks the text under the field, which informs about the correctness of the type of data entered.","33535","Required Message validation test for one field","","Mon Dec 01 08:15:55 UTC 2025","passed","Mon Dec 01 08:16:28 UTC 2025","","List. Checking the basic functions for the Percent in the widget List","application.Samples.List.PercentOnListTest","fieldLevelValidationAnnotation"
"Filtering is not available for the Form widget","8342","Filtering test","","Mon Dec 01 08:02:27 UTC 2025","passed","Mon Dec 01 08:02:36 UTC 2025","","Form. Checking the basic functions for the Text in the widget Form","application.Samples.Form.TextOnFormTest","filtration"
"The test gets the value from the placeholder attribute and returns it in String format","9097","Test for getting the Placeholder value","","Mon Dec 01 08:10:24 UTC 2025","passed","Mon Dec 01 08:10:33 UTC 2025","","Form. Checking the basic functions for the Dictionary in the widget Form","application.Samples.Form.DictionaryOnFormTest","placeholder"
"The test sets the value in the field. After approval, the popup window, the title, the text in it, and the buttons are validated.","11364","Run-time exception validation test","","Mon Dec 01 07:56:34 UTC 2025","passed","Mon Dec 01 07:56:45 UTC 2025","","List. Checking the basic functions for the Dictionary in the widget List","application.Samples.List.DictionaryOnListTest","runtimeException"
"Info Widget is always read-only","8641","A test to check the field for ""Read-only""","","Mon Dec 01 07:59:05 UTC 2025","passed","Mon Dec 01 07:59:13 UTC 2025","","Info. Checking the basic functions for the Percent","application.Samples.Info.PercentOnInfoTest","readonly"
"Filtering by the specified column.","9506","Filtering test","","Mon Dec 01 08:16:25 UTC 2025","passed","Mon Dec 01 08:16:34 UTC 2025","","List. Checking the basic functions for the Radio in the widget List","application.Samples.List.RadioOnListTest","filtration"
"The test clear the value in the field , and then checks the value in the field, it must be null.","6992","A test for checking the possibility of an empty field","","Mon Dec 01 08:04:17 UTC 2025","passed","Mon Dec 01 08:04:24 UTC 2025","","Form. Checking the basic functions for the Money in the widget Form","application.Samples.Form.MoneyOnFormTest","nullable"
"Info Widget is always read-only","8211","A test to check the field for ""Read-only""","","Mon Dec 01 08:00:04 UTC 2025","passed","Mon Dec 01 08:00:12 UTC 2025","","Info. Checking the basic functions for the Radio","application.Samples.Info.RadioOnInfoTest","readonly"
"Filtering is not available for InfoWidget.","7518","Filtering test","","Mon Dec 01 08:00:51 UTC 2025","passed","Mon Dec 01 08:00:58 UTC 2025","","Info. Checking the basic functions for the MultiplySelect","application.Samples.Info.MultipleSelectOnInfoTest","filtration"
"Sorting is not available for InfoWidget.","5850","Sorting test","","Mon Dec 01 07:56:14 UTC 2025","passed","Mon Dec 01 07:56:20 UTC 2025","","Info. Checking the basic functions for the FileUp","application.Samples.Info.FileUploadOnInfoTest","sorting"
"InfoWidget does not have a Hex field color for this type.","7725","A test to get the field color value in Hex format","","Mon Dec 01 08:01:14 UTC 2025","passed","Mon Dec 01 08:01:21 UTC 2025","","Info. Checking the basic functions for the MultiplySelect","application.Samples.Info.MultipleSelectOnInfoTest","color"
"Filtering is not available for the Form widget","5367","Filtering test","","Mon Dec 01 08:14:24 UTC 2025","passed","Mon Dec 01 08:14:30 UTC 2025","","Form. Checking the basic functions for the Time","application.Samples.Form.TimeOnFormTest","filtration"
"The test checks for the disabled attribute.","6629","A test to check the field for ""Read-only""","","Mon Dec 01 07:51:57 UTC 2025","passed","Mon Dec 01 07:52:03 UTC 2025","","List. Checking the basic functions for the Date in the widget List","application.Samples.List.DateOnListTest","readonly"
"The test sets the value in the field. After approval, the popup window, the title, the text in it, and the buttons are validated.","10285","Run-time exception validation test","","Mon Dec 01 07:49:59 UTC 2025","passed","Mon Dec 01 07:50:09 UTC 2025","","List. Checking the basic functions for the Text in the widget List","application.Samples.List.TextOnListTest","runtimeException"
"The test gets the value from the style attribute in RGB format, and then converts it to Hex format","6427","A test to get the field color value in Hex format","","Mon Dec 01 07:53:39 UTC 2025","passed","Mon Dec 01 07:53:45 UTC 2025","","List. Checking the basic functions for the Date in the widget List","application.Samples.List.DateOnListTest","color"
"The test sets the value in the field. After approval, by clicking on the save button, the popup window, the title, the text in it, and the buttons are validated","8657","Confirmation Popup Validation Test","","Mon Dec 01 08:13:26 UTC 2025","passed","Mon Dec 01 08:13:35 UTC 2025","","Form. Checking the basic functions for the MultipleSelect in the widget Form","application.Samples.Form.MultipleSelectOnFormTest","confirm"
"The test sets the value in the field. After approval, by clicking on the save button, the popup window, the title, the text in it, and the buttons are validated","10148","Confirmation Popup Validation Test","","Mon Dec 01 08:08:07 UTC 2025","passed","Mon Dec 01 08:08:17 UTC 2025","","Form. Checking the basic functions for the CheckBox","application.Samples.Form.CheckBoxOnFormTest","confirm"
"","11307","Filtering test","","Mon Dec 01 07:46:26 UTC 2025","passed","Mon Dec 01 07:46:38 UTC 2025","","List. Checking the basic functions for the MultiField in the widget List","application.Samples.List.MultiFieldOnListTest","filtration"
"The test clears the field and clicks the Save button. Then validates the message that the field is required.","30300","Required Message text Verification field test","","Mon Dec 01 07:37:21 UTC 2025","passed","Mon Dec 01 07:37:51 UTC 2025","","List. Checking the basic functions for the Percent in the widget List","application.Samples.List.PercentOnListTest","required"
"The test checks for the disabled attribute","8154","A test to check the field for ""Read-only""","","Mon Dec 01 08:12:08 UTC 2025","passed","Mon Dec 01 08:12:16 UTC 2025","","Form. Checking the basic functions for the Percent in the widget Form","application.Samples.Form.PercentOnFormTest","readonly"
"The test checks for the disabled attribute.","9985","A test to check the field for ""Read-only""","","Mon Dec 01 08:15:32 UTC 2025","passed","Mon Dec 01 08:15:42 UTC 2025","","List. Checking the basic functions for the Radio in the widget List","application.Samples.List.RadioOnListTest","readonly"
"The test sets the value in the field. After approval, the popup window, the title, the text in it, and the buttons are validated.","10200","Run-time exception validation test","","Mon Dec 01 07:40:40 UTC 2025","passed","Mon Dec 01 07:40:50 UTC 2025","","List. Checking the basic functions for the Percent in the widget List","application.Samples.List.PercentOnListTest","runtimeException"
"Checking the url before the transition and after the transition/click on a special element","13104","The DrillDown test","","Mon Dec 01 08:15:50 UTC 2025","passed","Mon Dec 01 08:16:03 UTC 2025","","List. Checking the basic functions for the SuggestionPickList in the widget List","application.Samples.List.SuggestionPickListOnListTest","drillDown"
"The test sets the value in the field. After approval, the popup window, the title, the text in it, and the buttons are validated.","19620","Business Exception Validation Test","","Mon Dec 01 07:52:47 UTC 2025","passed","Mon Dec 01 07:53:06 UTC 2025","","List. Checking the basic functions for the PickList in the widget List","application.Samples.List.PickListOnListTest","businessException"
"The test gets the value from the placeholder attribute and returns it in String format","7017","Test for getting the Placeholder value","","Mon Dec 01 08:12:55 UTC 2025","passed","Mon Dec 01 08:13:02 UTC 2025","","Form. Checking the basic functions for the MultiValue in the widget Form","application.Samples.Form.MultiValueOnFormTest","placeholder"
"The test checks for the disabled attribute","5321","A test to check the field for ""Read-only""","","Mon Dec 01 08:05:32 UTC 2025","passed","Mon Dec 01 08:05:37 UTC 2025","","Form. Checking the basic functions for the Date in the widget Form","application.Samples.Form.DateOnFormTest","readonly"
"The test sets the value in the field. After approval, by clicking on the save button, the popup window, the title, the text in it, and the buttons are validated","9451","Confirmation Popup Validation Test","","Mon Dec 01 08:09:34 UTC 2025","passed","Mon Dec 01 08:09:44 UTC 2025","","Form. Checking the basic functions for the Radio in the widget Form","application.Samples.Form.RadioOnFormTest","confirm"
"Checking the url before the transition and after the transition/click on a special element","10300","The DrillDown test","","Mon Dec 01 07:50:20 UTC 2025","passed","Mon Dec 01 07:50:30 UTC 2025","","List. Checking the basic functions for the InlinePickList in the widget List","application.Samples.List.InlinePickListOnListTest","drillDown"
"The test sets the value in the field. After approval, by clicking on the save button, the popup window, the title, the text in it, and the buttons are validated","10849","Confirmation Popup Validation Test","","Mon Dec 01 08:10:33 UTC 2025","passed","Mon Dec 01 08:10:44 UTC 2025","","Form. Checking the basic functions for the Dictionary in the widget Form","application.Samples.Form.DictionaryOnFormTest","confirm"
"The test sets a value with the wrong data type in several fields for different widgets. After approval, it checks the text under the field, which informs about the correctness of the type of data entered","9407","Required Message validation test for multiple fields","","Mon Dec 01 08:06:25 UTC 2025","passed","Mon Dec 01 08:06:34 UTC 2025","","Form. Checking the basic functions for the Date in the widget Form","application.Samples.Form.DateOnFormTest","fieldLevelValidation"
"","4408","The test for getting the value from the field","","Mon Dec 01 07:58:24 UTC 2025","passed","Mon Dec 01 07:58:28 UTC 2025","","Info. Checking the basic functions for the Hint","application.Samples.Info.HintOnInfoTest","read"
"The test gets the value from the style attribute in RGB format, and then converts it to Hex format","6856","A test to get the field color value in Hex format","","Mon Dec 01 07:53:34 UTC 2025","passed","Mon Dec 01 07:53:41 UTC 2025","","List. Checking the basic functions for the PickList in the widget List","application.Samples.List.PickListOnListTest","color"
"The test checks for the disabled attribute","11369","A test to check the field for ""Read-only""","","Mon Dec 01 08:04:55 UTC 2025","passed","Mon Dec 01 08:05:06 UTC 2025","","Form. Checking the basic functions for the Suggestion PickList in the widget Form","application.Samples.Form.SuggestionPickListOnFormTest","readonly"
"The test sets the value with the wrong data type in the field. After approval, it checks the text under the field, which informs about the correctness of the type of data entered","9958","Required Message validation test for one field","","Mon Dec 01 08:12:16 UTC 2025","passed","Mon Dec 01 08:12:26 UTC 2025","","Form. Checking the basic functions for the Percent in the widget Form","application.Samples.Form.PercentOnFormTest","fieldLevelValidationAnnotation"
"The test sets the value in the field, and then checks the value in the field with what should be set. The Number Digits class is used for numbers with a fractional part.","10162","A test for entering numbers with a fractional part using the PercentDigits class","","Mon Dec 01 08:11:50 UTC 2025","passed","Mon Dec 01 08:12:00 UTC 2025","","Form. Checking the basic functions for the Percent in the widget Form","application.Samples.Form.PercentOnFormTest","digits"
"Filtering is not available for the Form widget","6002","Filtering test","","Mon Dec 01 08:11:10 UTC 2025","passed","Mon Dec 01 08:11:16 UTC 2025","","Form. Checking the basic functions for the NumberDigits in the widget Form","application.Samples.Form.NumberDigitsOnFormTest","filtration"
"The test sets the value in the field. After approval, the popup window, the title, the text in it, and the buttons are validated","13825","Business Exception Validation Test","","Mon Dec 01 08:05:20 UTC 2025","passed","Mon Dec 01 08:05:33 UTC 2025","","Form. Checking the basic functions for the Suggestion PickList in the widget Form","application.Samples.Form.SuggestionPickListOnFormTest","businessException"
"The test gets the value from the placeholder attribute and returns it in String format","7002","Test for getting the Placeholder value","","Mon Dec 01 07:57:21 UTC 2025","passed","Mon Dec 01 07:57:28 UTC 2025","","List. Checking the basic functions for the DateTime in the widget List","application.Samples.List.DateTimeOnListTest","placeholder"
"The test sets the value in the field. After approval, the popup window, the title, the text in it, and the buttons are validated","7424","Run-time exception validation test","","Mon Dec 01 08:04:11 UTC 2025","passed","Mon Dec 01 08:04:18 UTC 2025","","Form. Checking the basic functions for the Number in the widget Form","application.Samples.Form.NumberOnFormTest","runtimeException"
"The test sets a value with the wrong data type in several fields for different widgets. After approval, it checks the text under the field, which informs about the correctness of the type of data entered","70276","Required Message validation test for multiple fields","","Mon Dec 01 07:39:29 UTC 2025","passed","Mon Dec 01 07:40:40 UTC 2025","","List. Checking the basic functions for the Percent in the widget List","application.Samples.List.PercentOnListTest","fieldLevelValidation"
"","4389","The test for getting the value from the field","","Mon Dec 01 07:57:04 UTC 2025","passed","Mon Dec 01 07:57:08 UTC 2025","","Info. Checking the basic functions for the Input","application.Samples.Info.InputOnInfoTest","read"
"The test sets the value in the field, and then checks the value in the field with what should be set.","12265","A test for setting a value in a field","","Mon Dec 01 07:55:23 UTC 2025","passed","Mon Dec 01 07:55:35 UTC 2025","","List. Checking the basic functions for the Dictionary in the widget List","application.Samples.List.DictionaryOnListTest","edit"
"The test clears the field and clicks the Save button. Then validates the message that the field is required.","10661","Required Message text Verification field test","","Mon Dec 01 07:41:52 UTC 2025","passed","Mon Dec 01 07:42:03 UTC 2025","","List. Checking the basic functions for the MultipleSelect in the widget List","application.Samples.List.MultipleSelectOnListTest","required"
"The test gets the value from the placeholder attribute and returns it in String format","8351","Test for getting the Placeholder value","","Mon Dec 01 08:03:31 UTC 2025","passed","Mon Dec 01 08:03:39 UTC 2025","","Form. Checking the basic functions for the Text in the widget Form","application.Samples.Form.TextOnFormTest","placeholder"
"The test sets the value in the field. After approval, the popup window, the title, the text in it, and the buttons are validated","10652","Run-time exception validation test","","Mon Dec 01 08:10:54 UTC 2025","passed","Mon Dec 01 08:11:04 UTC 2025","","Form. Checking the basic functions for the Dictionary in the widget Form","application.Samples.Form.DictionaryOnFormTest","runtimeException"
"The test clears the field and clicks the Save button. Then validates the message that the field is required.","20806","Required Message text Verification field test","","Mon Dec 01 07:47:54 UTC 2025","passed","Mon Dec 01 07:48:15 UTC 2025","","List. Checking the basic functions for the DateTimeWithSeconds in the widget List","application.Samples.List.DateTimeWithSecondsOnListTest","required"
"The InfoWidget doesn't have a Placeholder.","8113","Test for getting the Placeholder value","","Mon Dec 01 08:02:26 UTC 2025","passed","Mon Dec 01 08:02:34 UTC 2025","","Info. Checking the basic functions for the Text","application.Samples.Info.TextOnInfoTest","placeholder"
"Checking the url before the transition and after the transition/click on a special element","8885","The DrillDown test","","Mon Dec 01 08:06:06 UTC 2025","passed","Mon Dec 01 08:06:14 UTC 2025","","Form. Checking the basic functions for the InlinePickList in the widget Form","application.Samples.Form.InlinePickListOnFormTest","drillDown"
"","6293","digits()","","Mon Dec 01 08:01:16 UTC 2025","passed","Mon Dec 01 08:01:23 UTC 2025","","Info. Checking the basic functions for the Number","application.Samples.Info.NumberOnInfoTest","digits"
"Checking the url before the transition and after the transition/click on a special element","8106","The DrillDown test","","Mon Dec 01 07:41:06 UTC 2025","passed","Mon Dec 01 07:41:14 UTC 2025","","List. Checking the basic functions for the MultipleSelect in the widget List","application.Samples.List.MultipleSelectOnListTest","drillDown"
"The test sets the value in the field, and then checks the value in the field with what should be set","7657","A test for setting a value in a field","","Mon Dec 01 08:05:06 UTC 2025","passed","Mon Dec 01 08:05:14 UTC 2025","","Form. Checking the basic functions for the Money in the widget Form","application.Samples.Form.MoneyOnFormTest","edit"
"The test gets the value from the placeholder attribute and returns it in String format","7482","Test for getting the Placeholder value","","Mon Dec 01 08:13:19 UTC 2025","passed","Mon Dec 01 08:13:26 UTC 2025","","Form. Checking the basic functions for the MultipleSelect in the widget Form","application.Samples.Form.MultipleSelectOnFormTest","placeholder"
"","11089","A test to get a value for a multifield hint","","Mon Dec 01 07:46:38 UTC 2025","passed","Mon Dec 01 07:46:49 UTC 2025","","List. Checking the basic functions for the MultiField in the widget List","application.Samples.List.MultiFieldOnListTest","getValues"
"Getting a Placeholder is not available","7188","Test for getting the Placeholder value","","Mon Dec 01 08:14:07 UTC 2025","passed","Mon Dec 01 08:14:14 UTC 2025","","Form. Checking the basic functions for the MultiValueHover in the widget Form","application.Samples.Form.MultiValueHoverOnFormTest","placeholder"
"Filtering is not available for InfoWidget.","6688","Filtering test","","Mon Dec 01 07:57:32 UTC 2025","passed","Mon Dec 01 07:57:38 UTC 2025","","Info. Checking the basic functions for the MultiValueHover","application.Samples.Info.MultiValueHoverOnInfoTest","filtration"
"The test sets the value in the field. After approval, the popup window, the title, the text in it, and the buttons are validated.","10403","Business Exception Validation Test","","Mon Dec 01 07:39:22 UTC 2025","passed","Mon Dec 01 07:39:32 UTC 2025","","List. Checking the basic functions for the Number in the widget List","application.Samples.List.NumberOnListTest","businessException"
"Sorting is not available for InfoWidget.","7551","Sorting test","","Mon Dec 01 07:57:17 UTC 2025","passed","Mon Dec 01 07:57:24 UTC 2025","","Info. Checking the basic functions for the MultiValueHover","application.Samples.Info.MultiValueHoverOnInfoTest","sorting"
"The test sets the value in the field. After approval, the popup window, the title, the text in it, and the buttons are validated","5944","Run-time exception validation test","","Mon Dec 01 08:10:01 UTC 2025","passed","Mon Dec 01 08:10:07 UTC 2025","","Form. Checking the basic functions for the Input in the widget Form","application.Samples.Form.InputOnFormTest","runtimeException"
"The test gets the value from the placeholder attribute and returns it in String format","14967","Test for getting the Placeholder value","","Mon Dec 01 07:37:39 UTC 2025","passed","Mon Dec 01 07:37:54 UTC 2025","","List. Checking the basic functions for the SuggestionPickList in the widget List","application.Samples.List.SuggestionPickListOnListTest","placeholder"
"The test gets the value from the placeholder attribute and returns it in String format","9235","Test for getting the Placeholder value","","Mon Dec 01 07:45:23 UTC 2025","passed","Mon Dec 01 07:45:32 UTC 2025","","List. Checking the basic functions for the MultiValue in the widget List","application.Samples.List.MultiValueOnListTest","placeholder"
"The test opens a modal window, clears the field, closes the window, and then checks the message under the field.","21543","Required Message text Verification field test","","Mon Dec 01 07:45:01 UTC 2025","passed","Mon Dec 01 07:45:23 UTC 2025","","List. Checking the basic functions for the MultiValue in the widget List","application.Samples.List.MultiValueOnListTest","required_2"
"The test sets the value in the field, and then checks the value in the field with what should be set.","21671","A test for setting a value in a field","","Mon Dec 01 08:12:17 UTC 2025","passed","Mon Dec 01 08:12:39 UTC 2025","","Form. Checking the basic functions for the MultiValue in the widget Form","application.Samples.Form.MultiValueOnFormTest","edit"
"The test sets a value with the wrong data type in several fields for different widgets. After approval, it checks the text under the field, which informs about the correctness of the type of data entered","7753","Required Message validation test for multiple fields","","Mon Dec 01 08:13:29 UTC 2025","passed","Mon Dec 01 08:13:37 UTC 2025","","Form. Checking the basic functions for the MultiValue in the widget Form","application.Samples.Form.MultiValueOnFormTest","fieldLevelValidation"
"Filtering is not available for InfoWidget.","4135","Filtering test","","Mon Dec 01 07:56:55 UTC 2025","passed","Mon Dec 01 07:56:59 UTC 2025","","Info. Checking the basic functions for the Input","application.Samples.Info.InputOnInfoTest","filtration"
"The test sets a value with the wrong data type in several fields for different widgets. After approval, it checks the text under the field, which informs about the correctness of the type of data entered","46278","Required Message validation test for multiple fields","","Mon Dec 01 07:49:13 UTC 2025","passed","Mon Dec 01 07:49:59 UTC 2025","","List. Checking the basic functions for the Text in the widget List","application.Samples.List.TextOnListTest","fieldLevelValidation"
"The test sets the value in the field. After approval, by clicking on the save button, the popup window, the title, the text in it, and the buttons are validated.","12151","Confirmation Popup Validation Test","","Mon Dec 01 07:45:32 UTC 2025","passed","Mon Dec 01 07:45:44 UTC 2025","","List. Checking the basic functions for the MultiValue in the widget List","application.Samples.List.MultiValueOnListTest","confirm"
"The test sets the value in the field. After approval, by clicking on the save button, the popup window, the title, the text in it, and the buttons are validated.","11078","Confirmation Popup Validation Test","","Mon Dec 01 07:42:39 UTC 2025","passed","Mon Dec 01 07:42:50 UTC 2025","","List. Checking the basic functions for the MultipleSelect in the widget List","application.Samples.List.MultipleSelectOnListTest","confirm"
"Sorting is not available for InfoWidget.","8118","Sorting test","","Mon Dec 01 07:58:12 UTC 2025","passed","Mon Dec 01 07:58:20 UTC 2025","","Info. Checking the basic functions for the Dictionary","application.Samples.Info.DictionaryOnInfoTest","sorting"
"Sorting is not available for the Form widget","7152","Sorting test","","Mon Dec 01 08:10:07 UTC 2025","passed","Mon Dec 01 08:10:14 UTC 2025","","Form. Checking the basic functions for the MultiValue in the widget Form","application.Samples.Form.MultiValueOnFormTest","sorting"
"The test deletes the value by checking the autocomplete in a blank field","9680","Auto-completion test after cleaning","","Mon Dec 01 08:11:31 UTC 2025","passed","Mon Dec 01 08:11:41 UTC 2025","","Form. Checking the basic functions for the Percent in the widget Form","application.Samples.Form.PercentOnFormTest","nullable"
"The test sets a value with the wrong data type in several fields for different widgets. After approval, it checks the text under the field, which informs about the correctness of the type of data entered","8766","Required Message validation test for multiple fields","","Mon Dec 01 08:04:02 UTC 2025","passed","Mon Dec 01 08:04:11 UTC 2025","","Form. Checking the basic functions for the Number in the widget Form","application.Samples.Form.NumberOnFormTest","fieldLevelValidation"
"The test sets a value with the wrong data type in several fields for different widgets. After approval, it checks the text under the field, which informs about the correctness of the type of data entered","9966","Required Message validation test for multiple fields","","Mon Dec 01 08:09:44 UTC 2025","passed","Mon Dec 01 08:09:54 UTC 2025","","Form. Checking the basic functions for the Radio in the widget Form","application.Samples.Form.RadioOnFormTest","fieldLevelValidation"
"The test gets the value from the placeholder attribute and returns it in String format","6132","Test for getting the Placeholder value","","Mon Dec 01 08:05:27 UTC 2025","passed","Mon Dec 01 08:05:33 UTC 2025","","Form. Checking the basic functions for the Money in the widget Form","application.Samples.Form.MoneyOnFormTest","placeholder"
"Sorting is not available for the Form widget","4564","Sorting test","","Mon Dec 01 08:08:45 UTC 2025","passed","Mon Dec 01 08:08:49 UTC 2025","","Form. Checking the basic functions for the Input in the widget Form","application.Samples.Form.InputOnFormTest","sorting"
"The transition/Redirect is not available","5064","The DrillDown test","","Mon Dec 01 08:08:19 UTC 2025","passed","Mon Dec 01 08:08:25 UTC 2025","","Form. Checking the basic functions for the Hint in the widget Form","application.Samples.Form.HintOnFormTest","drillDown"
"Filtering is not available for InfoWidget.","6041","Filtering test","","Mon Dec 01 07:55:42 UTC 2025","passed","Mon Dec 01 07:55:48 UTC 2025","","Info. Checking the basic functions for the PickList","application.Samples.Info.PickListOnInfoTest","filtration"
"The test creates and delete a new field in the admin panel","13733","Test for creating admin value","","Mon Dec 01 08:03:21 UTC 2025","passed","Mon Dec 01 08:03:35 UTC 2025","","Checking the basic functions for the Dictionary administration panel","application.Samples.DictionaryAdministrationTest","create"
"The Hint field type is always read-only","4884","A test to check the field for ""Read-only""","","Mon Dec 01 08:08:30 UTC 2025","passed","Mon Dec 01 08:08:34 UTC 2025","","Form. Checking the basic functions for the Hint in the widget Form","application.Samples.Form.HintOnFormTest","readonly"
"","7936","The test for getting the value from the field","","Mon Dec 01 07:57:45 UTC 2025","passed","Mon Dec 01 07:57:53 UTC 2025","","Info. Checking the basic functions for the MultiValueHover","application.Samples.Info.MultiValueHoverOnInfoTest","read"
"The test sets the value in the field, and then checks the value in the field with what should be set","22025","A test for setting a value in a field","","Mon Dec 01 07:47:57 UTC 2025","passed","Mon Dec 01 07:48:19 UTC 2025","","List. Checking the basic functions for the Time","application.Samples.List.TimeOnListTest","edit3"
"The test gets the value from the placeholder attribute and returns it in String format","5997","Test for getting the Placeholder value","","Mon Dec 01 07:43:05 UTC 2025","passed","Mon Dec 01 07:43:11 UTC 2025","","List. Checking the basic functions for the Input in the widget List","application.Samples.List.InputOnListTest","placeholder"
"The test sets the value in the field. After approval, the popup window, the title, the text in it, and the buttons are validated","7787","Business Exception Validation Test","","Mon Dec 01 08:07:18 UTC 2025","passed","Mon Dec 01 08:07:26 UTC 2025","","Form. Checking the basic functions for the DateTimeWithSeconds in the widget Form","application.Samples.Form.DateTimeWithSecondsOnFormTest","businessException"
"Info Widget is always read-only","6475","A test to check the field for ""Read-only""","","Mon Dec 01 07:55:48 UTC 2025","passed","Mon Dec 01 07:55:54 UTC 2025","","Info. Checking the basic functions for the PickList","application.Samples.Info.PickListOnInfoTest","readonly"
"The test checks the creation and deletion in the dictionary and the result of this work on another screen.","30161","Test region at List","","Mon Dec 01 08:02:51 UTC 2025","passed","Mon Dec 01 08:03:21 UTC 2025","","Checking the basic functions for the Dictionary administration panel","application.Samples.DictionaryAdministrationTest","regionsList"
"The test sets the value in the field, and then checks the value in the field with what should be set","11826","A test for setting a value in a field","","Mon Dec 01 08:14:51 UTC 2025","passed","Mon Dec 01 08:15:03 UTC 2025","","Form. Checking the basic functions for the Time","application.Samples.Form.TimeOnFormTest","edit"
"The test checks for the disabled attribute","8057","A test to check the field for ""Read-only""","","Mon Dec 01 08:08:33 UTC 2025","passed","Mon Dec 01 08:08:41 UTC 2025","","Form. Checking the basic functions for the Radio in the widget Form","application.Samples.Form.RadioOnFormTest","readonly"
"The InfoWidget doesn't have a Placeholder..","7199","Test for getting the Placeholder value","","Mon Dec 01 08:01:28 UTC 2025","passed","Mon Dec 01 08:01:36 UTC 2025","","Info. Checking the basic functions for the MultiValue","application.Samples.Info.MultiValueOnInfoTest","placeholder"
"The test sets a value with the wrong data type in several fields for different widgets. After approval, it checks the text under the field, which informs about the correctness of the type of data entered","11154","Required Message validation test for multiple fields","","Mon Dec 01 08:13:21 UTC 2025","passed","Mon Dec 01 08:13:33 UTC 2025","","Form. Checking the basic functions for the Percent in the widget Form","application.Samples.Form.PercentOnFormTest","fieldLevelValidation"
"The test sets the value in the field. After approval, the popup window, the title, the text in it, and the buttons are validated.","30296","Business Exception Validation Test","","Mon Dec 01 07:41:15 UTC 2025","passed","Mon Dec 01 07:41:46 UTC 2025","","List. Checking the basic functions for the Money in the widget List","application.Samples.List.MoneyOnListTest","businessException"
"Filtering by the specified column.","8062","Filtering test","","Mon Dec 01 07:51:49 UTC 2025","passed","Mon Dec 01 07:51:57 UTC 2025","","List. Checking the basic functions for the Date in the widget List","application.Samples.List.DateOnListTest","filtration"
"","8960","A test to get a value for a multifield hint","","Mon Dec 01 08:11:41 UTC 2025","passed","Mon Dec 01 08:11:50 UTC 2025","","Form. Checking the basic functions for the MultiField in the widget Form","application.Samples.Form.MultiFieldOnFormTest","getValues"
"The test sets the value in the field, and then checks the value in the field with what should be set","9291","A test for setting a value in a field","","Mon Dec 01 08:07:41 UTC 2025","passed","Mon Dec 01 08:07:50 UTC 2025","","Form. Checking the basic functions for the CheckBox","application.Samples.Form.CheckBoxOnFormTest","edit"
"The test gets the value from the style attribute in RGB format, and then converts it to Hex format","8765","A test to get the field color value in Hex format","","Mon Dec 01 07:52:41 UTC 2025","passed","Mon Dec 01 07:52:50 UTC 2025","","List. Checking the basic functions for the InlinePickList in the widget List","application.Samples.List.InlinePickListOnListTest","color"
"Filtering by the specified column.","7477","Filtering test","","Mon Dec 01 08:17:42 UTC 2025","passed","Mon Dec 01 08:17:50 UTC 2025","","List. Checking the basic functions for the Percent in the widget List","application.Samples.List.PercentOnListTest","filtration"
"The test sets the value in the field. After approval, the popup window, the title, the text in it, and the buttons are validated","7812","Business Exception Validation Test","","Mon Dec 01 08:10:31 UTC 2025","passed","Mon Dec 01 08:10:38 UTC 2025","","Form. Checking the basic functions for the PickList in the widget Form","application.Samples.Form.PickListOnFormTest","businessException"
"","9174","The test for getting the value from the field","","Mon Dec 01 07:58:53 UTC 2025","passed","Mon Dec 01 07:59:02 UTC 2025","","Info. Checking the basic functions for the Dictionary","application.Samples.Info.DictionaryOnInfoTest","read"
"Info Widget is always read-only","6263","A test to check the field for ""Read-only""","","Mon Dec 01 07:56:38 UTC 2025","passed","Mon Dec 01 07:56:45 UTC 2025","","Info. Checking the basic functions for the FileUp","application.Samples.Info.FileUploadOnInfoTest","readonly"
"Filtering by the specified column.","7177","Filtering test","","Mon Dec 01 07:43:31 UTC 2025","passed","Mon Dec 01 07:43:38 UTC 2025","","List. Checking the basic functions for the MultiValue in the widget List","application.Samples.List.MultiValueOnListTest","filtration"
"","5562","The test for getting the value from the field","","Mon Dec 01 08:17:57 UTC 2025","passed","Mon Dec 01 08:18:02 UTC 2025","","Info. Checking the basic functions for the MultiplySelect","application.Samples.Info.MultipleSelectOnInfoTest","read"
"The test sets the value in the field. After approval, the popup window, the title, the text in it, and the buttons are validated","10136","Business Exception Validation Test","","Mon Dec 01 08:12:35 UTC 2025","passed","Mon Dec 01 08:12:45 UTC 2025","","Form. Checking the basic functions for the Percent in the widget Form","application.Samples.Form.PercentOnFormTest","businessException"
"DrillDown is not available for InfoWidget.","6523","The DrillDown test","","Mon Dec 01 07:59:08 UTC 2025","passed","Mon Dec 01 07:59:15 UTC 2025","","Info. Checking the basic functions for the Money","application.Samples.Info.MoneyOnInfoTest","drillDown"
"The test clears the field and clicks the Save button. Then validates the message that the field is required.","18793","Required Message text Verification field test","","Mon Dec 01 07:52:33 UTC 2025","passed","Mon Dec 01 07:52:52 UTC 2025","","List. Checking the basic functions for the Date in the widget List","application.Samples.List.DateOnListTest","required"
"Currency check at the field","6628","Currency test","","Mon Dec 01 08:05:20 UTC 2025","passed","Mon Dec 01 08:05:27 UTC 2025","","Form. Checking the basic functions for the Money in the widget Form","application.Samples.Form.MoneyOnFormTest","currency"
"Checking the url before the transition and after the transition/click on a special element","6373","The DrillDown test","","Mon Dec 01 08:13:49 UTC 2025","passed","Mon Dec 01 08:13:55 UTC 2025","","Form. Checking the basic functions for the FileUpload in the widget Form","application.Samples.Form.FileUploadOnFormTest","drillDown"
"The test sets the value with the wrong data type in the field. After approval, it checks the text under the field, which informs about the correctness of the type of data entered.","18601","Required Message validation test for one field","","Mon Dec 01 07:41:30 UTC 2025","passed","Mon Dec 01 07:41:48 UTC 2025","","List. Checking the basic functions for the Input in the widget List","application.Samples.List.InputOnListTest","fieldLevelValidationAnnotation"
"DrillDown is not available for InfoWidget.","8502","The DrillDown test","","Mon Dec 01 07:58:20 UTC 2025","passed","Mon Dec 01 07:58:28 UTC 2025","","Info. Checking the basic functions for the Dictionary","application.Samples.Info.DictionaryOnInfoTest","drillDown"
"Getting the field color is not available","7025","A test to get the field color value in Hex format","","Mon Dec 01 08:14:00 UTC 2025","passed","Mon Dec 01 08:14:07 UTC 2025","","Form. Checking the basic functions for the MultiValueHover in the widget Form","application.Samples.Form.MultiValueHoverOnFormTest","color"
"Sorting is not available for InfoWidget.","8563","Sorting test","","Mon Dec 01 07:57:17 UTC 2025","passed","Mon Dec 01 07:57:25 UTC 2025","","Info. Checking the basic functions for the CheckBox","application.Samples.Info.CheckboxOnInfoTest","sorting"
"The test clears the field and clicks the Save button. Then validates the message that the field is required","10991","Required Message text Verification field test","","Mon Dec 01 08:14:40 UTC 2025","passed","Mon Dec 01 08:14:51 UTC 2025","","Form. Checking the basic functions for the Time","application.Samples.Form.TimeOnFormTest","required"
"Sorting is not available for the Form widget","7973","Sorting test","","Mon Dec 01 08:08:09 UTC 2025","passed","Mon Dec 01 08:08:17 UTC 2025","","Form. Checking the basic functions for the Radio in the widget Form","application.Samples.Form.RadioOnFormTest","sorting"
"Checking the url before the transition and after the transition/click on a special element","6265","The DrillDown test","","Mon Dec 01 08:02:47 UTC 2025","passed","Mon Dec 01 08:02:54 UTC 2025","","Form. Checking the basic functions for the Number in the widget Form","application.Samples.Form.NumberOnFormTest","drillDown"
"The test sets a value with the wrong data type in several fields for different widgets. After approval, it checks the text under the field, which informs about the correctness of the type of data entered","14553","Required Message validation test for multiple fields","","Mon Dec 01 08:06:12 UTC 2025","passed","Mon Dec 01 08:06:26 UTC 2025","","Form. Checking the basic functions for the Suggestion PickList in the widget Form","application.Samples.Form.SuggestionPickListOnFormTest","fieldLevelValidation"
"The test sets the value in the field. After approval, by clicking on the save button, the popup window, the title, the text in it, and the buttons are validated.","30301","Confirmation Popup Validation Test","","Mon Dec 01 07:42:46 UTC 2025","passed","Mon Dec 01 07:43:17 UTC 2025","","List. Checking the basic functions for the Money in the widget List","application.Samples.List.MoneyOnListTest","confirm"
"The test sets a value with the wrong data type in several fields for different widgets. After approval, it checks the text under the field, which informs about the correctness of the type of data entered","9587","Required Message validation test for multiple fields","","Mon Dec 01 08:10:44 UTC 2025","passed","Mon Dec 01 08:10:54 UTC 2025","","Form. Checking the basic functions for the Dictionary in the widget Form","application.Samples.Form.DictionaryOnFormTest","fieldLevelValidation"
"The test sets the value in the field. After approval, the popup window, the title, the text in it, and the buttons are validated.","9290","Business Exception Validation Test","","Mon Dec 01 08:11:41 UTC 2025","passed","Mon Dec 01 08:11:50 UTC 2025","","Form. Checking the basic functions for the MultiValue in the widget Form","application.Samples.Form.MultiValueOnFormTest","businessException"
"","23846","fieldLevelValidation()","","Mon Dec 01 07:54:11 UTC 2025","passed","Mon Dec 01 07:54:35 UTC 2025","","List. Checking the basic functions for the PickList in the widget List","application.Samples.List.PickListOnListTest","fieldLevelValidation"
"The test gets the value from the style attribute in RGB format, and then converts it to Hex format","6786","A test to get the field color value in Hex format","","Mon Dec 01 07:57:14 UTC 2025","passed","Mon Dec 01 07:57:21 UTC 2025","","List. Checking the basic functions for the DateTime in the widget List","application.Samples.List.DateTimeOnListTest","color"
"The test sets the value in the field. After approval, by clicking on the save button, the popup window, the title, the text in it, and the buttons are validated.","10234","Confirmation Popup Validation Test","","Mon Dec 01 07:50:42 UTC 2025","passed","Mon Dec 01 07:50:52 UTC 2025","","List. Checking the basic functions for the FileUpload in the widget List","application.Samples.List.FileUploadOnListTest","confirm"
"Sorting is not available for InfoWidget.","7897","Sorting test","","Mon Dec 01 08:01:36 UTC 2025","passed","Mon Dec 01 08:01:44 UTC 2025","","Info. Checking the basic functions for the Text","application.Samples.Info.TextOnInfoTest","sorting"
"Sorting by the specified column.","16074","Sorting test","","Mon Dec 01 07:40:50 UTC 2025","passed","Mon Dec 01 07:41:06 UTC 2025","","List. Checking the basic functions for the Input in the widget List","application.Samples.List.InputOnListTest","sorting"
"The test gets the value from the style attribute in RGB format, and then converts it to Hex format","5985","A test to get the field color value in Hex format","","Mon Dec 01 08:11:29 UTC 2025","passed","Mon Dec 01 08:11:35 UTC 2025","","Form. Checking the basic functions for the NumberDigits in the widget Form","application.Samples.Form.NumberDigitsOnFormTest","color"
"DrillDown is not available for InfoWidget.","6294","The DrillDown test","","Mon Dec 01 08:01:35 UTC 2025","passed","Mon Dec 01 08:01:41 UTC 2025","","Info. Checking the basic functions for the DateTimeWithSeconds","application.Samples.Info.DateTimeWithSecondsOnInfoTest","drillDown"
"","18837","test_1()","","Mon Dec 01 07:51:20 UTC 2025","passed","Mon Dec 01 07:51:39 UTC 2025","","List. Checking the basic functions for the PickList in the widget List","application.Samples.List.PickListOnListTest","test_1"
"The test sets the value in the field. After approval, the popup window, the title, the text in it, and the buttons are validated.","9887","Business Exception Validation Test","","Mon Dec 01 07:45:02 UTC 2025","passed","Mon Dec 01 07:45:12 UTC 2025","","List. Checking the basic functions for the CheckBox","application.Samples.List.CheckBoxOnListTest","businessException"
"The test sets a value with the wrong data type in several fields for different widgets. After approval, it checks the text under the field, which informs about the correctness of the type of data entered","6938","Required Message validation test for multiple fields","","Mon Dec 01 08:09:54 UTC 2025","passed","Mon Dec 01 08:10:01 UTC 2025","","Form. Checking the basic functions for the Input in the widget Form","application.Samples.Form.InputOnFormTest","fieldLevelValidation"
"Sorting is not available for the Form widget","12349","Sorting test","","Mon Dec 01 08:04:19 UTC 2025","passed","Mon Dec 01 08:04:31 UTC 2025","","Form. Checking the basic functions for the Suggestion PickList in the widget Form","application.Samples.Form.SuggestionPickListOnFormTest","sorting"
"Sorting is not available for the Form widget","9438","Sorting test","","Mon Dec 01 08:08:37 UTC 2025","passed","Mon Dec 01 08:08:47 UTC 2025","","Form. Checking the basic functions for the Dictionary in the widget Form","application.Samples.Form.DictionaryOnFormTest","sorting"
"The test gets the value from the placeholder attribute and returns it in String format","6333","Test for getting the Placeholder value","","Mon Dec 01 08:03:48 UTC 2025","passed","Mon Dec 01 08:03:54 UTC 2025","","Form. Checking the basic functions for the Number in the widget Form","application.Samples.Form.NumberOnFormTest","placeholder"
"The test sets the value in the field. After approval, the popup window, the title, the text in it, and the buttons are validated.","7967","Run-time exception validation test","","Mon Dec 01 07:58:54 UTC 2025","passed","Mon Dec 01 07:59:02 UTC 2025","","List. Checking the basic functions for the DateTime in the widget List","application.Samples.List.DateTimeOnListTest","runtimeException"
"Sorting is not available for InfoWidget.","6041","Sorting test","","Mon Dec 01 08:01:04 UTC 2025","passed","Mon Dec 01 08:01:10 UTC 2025","","Info. Checking the basic functions for the Number","application.Samples.Info.NumberOnInfoTest","sorting"
"","8298","The test for getting the value from the field","","Mon Dec 01 08:02:09 UTC 2025","passed","Mon Dec 01 08:02:17 UTC 2025","","Info. Checking the basic functions for the Text","application.Samples.Info.TextOnInfoTest","read"
"Filtering is not available for InfoWidget.","7288","Filtering test","","Mon Dec 01 07:57:34 UTC 2025","passed","Mon Dec 01 07:57:41 UTC 2025","","Info. Checking the basic functions for the CheckBox","application.Samples.Info.CheckboxOnInfoTest","filtration"
"Filtering is not available for InfoWidget.","5833","Filtering test","","Mon Dec 01 07:56:33 UTC 2025","passed","Mon Dec 01 07:56:38 UTC 2025","","Info. Checking the basic functions for the FileUp","application.Samples.Info.FileUploadOnInfoTest","filtration"
"The test sets the value in the field. After approval, the popup window, the title, the text in it, and the buttons are validated.","10976","Run-time exception validation test","","Mon Dec 01 07:43:11 UTC 2025","passed","Mon Dec 01 07:43:22 UTC 2025","","List. Checking the basic functions for the MultipleSelect in the widget List","application.Samples.List.MultipleSelectOnListTest","runtimeException"
"Info Widget is always read-only","6327","A test to check the field for ""Read-only""","","Mon Dec 01 07:59:21 UTC 2025","passed","Mon Dec 01 07:59:28 UTC 2025","","Info. Checking the basic functions for the Money","application.Samples.Info.MoneyOnInfoTest","readonly"
"Checking the url before the transition and after the transition/click on a special element","10130","The DrillDown test","","Mon Dec 01 08:14:14 UTC 2025","passed","Mon Dec 01 08:14:24 UTC 2025","","Form. Checking the basic functions for the Time","application.Samples.Form.TimeOnFormTest","drillDown"
"The test checks for the disabled attribute.","9966","A test to check the field for ""Read-only""","","Mon Dec 01 07:47:18 UTC 2025","passed","Mon Dec 01 07:47:28 UTC 2025","","List. Checking the basic functions for the Text in the widget List","application.Samples.List.TextOnListTest","readonly"
"Checking the url before the transition and after the transition/click on a special element","4873","The DrillDown test","","Mon Dec 01 08:14:23 UTC 2025","passed","Mon Dec 01 08:14:27 UTC 2025","","Form. Checking the basic functions for the DateTime in the widget Form","application.Samples.Form.DateTimeOnFormTest","drillDown"
"The test gets the value from the style attribute in RGB format, and then converts it to Hex format","7285","A test to get the field color value in Hex format","","Mon Dec 01 08:01:21 UTC 2025","passed","Mon Dec 01 08:01:28 UTC 2025","","Info. Checking the basic functions for the MultiValue","application.Samples.Info.MultiValueOnInfoTest","color"
"The test sets the value in the field via Popup using a unique id, and then checks the value in the field with what needs to be set","7512","A test for setting a value in a field","","Mon Dec 01 08:10:38 UTC 2025","passed","Mon Dec 01 08:10:46 UTC 2025","","Form. Checking the basic functions for the PickList in the widget Form","application.Samples.Form.PickListOnFormTest","edit"
"The test gets the value from the style attribute in RGB format, and then converts it to Hex format","4036","A test to get the field color value in Hex format","","Mon Dec 01 07:57:08 UTC 2025","passed","Mon Dec 01 07:57:12 UTC 2025","","Info. Checking the basic functions for the Input","application.Samples.Info.InputOnInfoTest","color"
"","6790","nullable()","","Mon Dec 01 08:02:40 UTC 2025","passed","Mon Dec 01 08:02:47 UTC 2025","","Form. Checking the basic functions for the Number in the widget Form","application.Samples.Form.NumberOnFormTest","nullable"
"Filtering is not available for InfoWidget.","5791","Filtering test","","Mon Dec 01 08:01:41 UTC 2025","passed","Mon Dec 01 08:01:47 UTC 2025","","Info. Checking the basic functions for the DateTimeWithSeconds","application.Samples.Info.DateTimeWithSecondsOnInfoTest","filtration"
"","4652","checkFilterOrSort()","","Mon Dec 01 07:41:25 UTC 2025","passed","Mon Dec 01 07:41:30 UTC 2025","","List. Checking the basic functions for the Input in the widget List","application.Samples.List.InputOnListTest","checkFilterOrSort"
"The test sets the value in the field, and then checks the value in the field with what should be set.","8358","A test for setting a number with a fractional part in a field","","Mon Dec 01 07:38:20 UTC 2025","passed","Mon Dec 01 07:38:28 UTC 2025","","List. Checking the basic functions for the Number in the widget List","application.Samples.List.NumberOnListTest","digits"
"The test gets the value from the placeholder attribute and returns it in String format","9838","Test for getting the Placeholder value","","Mon Dec 01 07:55:55 UTC 2025","passed","Mon Dec 01 07:56:05 UTC 2025","","List. Checking the basic functions for the Dictionary in the widget List","application.Samples.List.DictionaryOnListTest","placeholder"
"The test checks the list of buttons","4663","Test getting all widget buttons","","Mon Dec 01 08:09:49 UTC 2025","passed","Mon Dec 01 08:09:54 UTC 2025","","Form. Checking the basic functions for the Input in the widget Form","application.Samples.Form.InputOnFormTest","getButtons"
"Info Widget is always read-only","7267","A test to check the field for ""Read-only""","","Mon Dec 01 08:01:07 UTC 2025","passed","Mon Dec 01 08:01:14 UTC 2025","","Info. Checking the basic functions for the MultiValue","application.Samples.Info.MultiValueOnInfoTest","readonly"
"DrillDown is not available for InfoWidget.","8461","The DrillDown test","","Mon Dec 01 07:57:25 UTC 2025","passed","Mon Dec 01 07:57:34 UTC 2025","","Info. Checking the basic functions for the CheckBox","application.Samples.Info.CheckboxOnInfoTest","drillDown"
"The test checks for the disabled attribute.","9205","A test to check the field for ""Read-only""","","Mon Dec 01 07:54:37 UTC 2025","passed","Mon Dec 01 07:54:47 UTC 2025","","List. Checking the basic functions for the Dictionary in the widget List","application.Samples.List.DictionaryOnListTest","readonly"
"The test gets the value from the style attribute in RGB format, and then converts it to Hex format","5980","A test to get the field color value in Hex format","","Mon Dec 01 08:01:58 UTC 2025","passed","Mon Dec 01 08:02:04 UTC 2025","","Info. Checking the basic functions for the DateTimeWithSeconds","application.Samples.Info.DateTimeWithSecondsOnInfoTest","color"
"The test checks the status of one option, whether it is selected or not","8347","A test to check the status of one option","","Mon Dec 01 08:14:09 UTC 2025","passed","Mon Dec 01 08:14:17 UTC 2025","","Form. Checking the basic functions for the MultipleSelect in the widget Form","application.Samples.Form.MultipleSelectOnFormTest","statusOption"
"","6516","The test for getting the file name in the field","","Mon Dec 01 07:56:26 UTC 2025","passed","Mon Dec 01 07:56:33 UTC 2025","","Info. Checking the basic functions for the FileUp","application.Samples.Info.FileUploadOnInfoTest","readNameFileInField"
"The test sets a value with the wrong data type in several fields for different widgets. After approval, it checks the text under the field, which informs about the correctness of the type of data entered","11789","Required Message validation test for multiple fields","","Mon Dec 01 07:43:00 UTC 2025","passed","Mon Dec 01 07:43:11 UTC 2025","","List. Checking the basic functions for the MultipleSelect in the widget List","application.Samples.List.MultipleSelectOnListTest","fieldLevelValidation"
"Checking the url before the transition and after the transition/click on a special element","6524","The DrillDown test","","Mon Dec 01 08:04:24 UTC 2025","passed","Mon Dec 01 08:04:30 UTC 2025","","Form. Checking the basic functions for the Money in the widget Form","application.Samples.Form.MoneyOnFormTest","drillDown"
"The test sets the value with the wrong data type in the field. After approval, it checks the text under the field, which informs about the correctness of the type of data entered.","22628","Required Message validation test for one field","","Mon Dec 01 07:47:28 UTC 2025","passed","Mon Dec 01 07:47:51 UTC 2025","","List. Checking the basic functions for the Text in the widget List","application.Samples.List.TextOnListTest","fieldLevelValidationAnnotation"
"Sorting by the specified column.","10128","Sorting test","","Mon Dec 01 07:50:09 UTC 2025","passed","Mon Dec 01 07:50:20 UTC 2025","","List. Checking the basic functions for the InlinePickList in the widget List","application.Samples.List.InlinePickListOnListTest","sorting"
"Checking the url before the transition and after the transition/click on a special element","6636","The DrillDown test","","Mon Dec 01 08:10:10 UTC 2025","passed","Mon Dec 01 08:10:16 UTC 2025","","Form. Checking the basic functions for the PickList in the widget Form","application.Samples.Form.PickListOnFormTest","drillDown"
"The test checks for the disabled attribute.","7878","A test to check the field for ""Read-only""","","Mon Dec 01 07:51:59 UTC 2025","passed","Mon Dec 01 07:52:07 UTC 2025","","List. Checking the basic functions for the PickList in the widget List","application.Samples.List.PickListOnListTest","readonly"
"The test sets the value in the field. After approval, the popup window, the title, the text in it, and the buttons are validated.","8772","Business Exception Validation Test","","Mon Dec 01 08:16:56 UTC 2025","passed","Mon Dec 01 08:17:05 UTC 2025","","List. Checking the basic functions for the Radio in the widget List","application.Samples.List.RadioOnListTest","businessException"
"The test sets the value in the field. After approval, by clicking on the save button, the popup window, the title, the text in it, and the buttons are validated","7759","Confirmation Popup Validation Test","","Mon Dec 01 08:15:15 UTC 2025","passed","Mon Dec 01 08:15:23 UTC 2025","","Form. Checking the basic functions for the DateTime in the widget Form","application.Samples.Form.DateTimeOnFormTest","confirm"
"The test sets the value in the field. After approval, by clicking on the save button, the popup window, the title, the text in it, and the buttons are validated","7617","Confirmation Popup Validation Test","","Mon Dec 01 08:06:17 UTC 2025","passed","Mon Dec 01 08:06:25 UTC 2025","","Form. Checking the basic functions for the Date in the widget Form","application.Samples.Form.DateOnFormTest","confirm"
"The test checks for the disabled attribute","4613","A test to check the field for ""Read-only""","","Mon Dec 01 08:08:59 UTC 2025","passed","Mon Dec 01 08:09:04 UTC 2025","","Form. Checking the basic functions for the Input in the widget Form","application.Samples.Form.InputOnFormTest","readonly"
"The test sets the value in the field. After approval, the popup window, the title, the text in it, and the buttons are validated.","12970","Run-time exception validation test","","Mon Dec 01 07:51:11 UTC 2025","passed","Mon Dec 01 07:51:24 UTC 2025","","List. Checking the basic functions for the FileUpload in the widget List","application.Samples.List.FileUploadOnListTest","runtimeException"
"The test gets the value from the style attribute in RGB format, and then converts it to Hex format","8207","A test to get the field color value in Hex format","","Mon Dec 01 07:49:05 UTC 2025","passed","Mon Dec 01 07:49:13 UTC 2025","","List. Checking the basic functions for the DateTimeWithSeconds in the widget List","application.Samples.List.DateTimeWithSecondsOnListTest","color"
"Filtering by the specified column.","0","Filtering test","","Mon Dec 01 07:46:19 UTC 2025","skipped","Mon Dec 01 07:46:19 UTC 2025","","List. Checking the basic functions for the Time","application.Samples.List.TimeOnListTest","filtration"
"The test gets the value from the placeholder attribute and returns it in String format","6821","Test for getting the Placeholder value","","Mon Dec 01 08:14:51 UTC 2025","passed","Mon Dec 01 08:14:58 UTC 2025","","Form. Checking the basic functions for the FileUpload in the widget Form","application.Samples.Form.FileUploadOnFormTest","placeholder"
"The test sets a value with the wrong data type in several fields for different widgets. After approval, it checks the text under the field, which informs about the correctness of the type of data entered","64642","Required Message validation test for multiple fields","","Mon Dec 01 07:54:13 UTC 2025","passed","Mon Dec 01 07:55:18 UTC 2025","","List. Checking the basic functions for the Date in the widget List","application.Samples.List.DateOnListTest","fieldLevelValidation"
"The test sets the value with the wrong data type in the field. After approval, it checks the text under the field, which informs about the correctness of the type of data entered.","29949","Required Message validation test for one field","","Mon Dec 01 07:52:03 UTC 2025","passed","Mon Dec 01 07:52:33 UTC 2025","","List. Checking the basic functions for the Date in the widget List","application.Samples.List.DateOnListTest","fieldLevelValidationAnnotation"
"The InfoWidget doesn't have a Placeholder.","6367","Test for getting the Placeholder value","","Mon Dec 01 07:59:47 UTC 2025","passed","Mon Dec 01 07:59:53 UTC 2025","","Info. Checking the basic functions for the Money","application.Samples.Info.MoneyOnInfoTest","placeholder"
"The test sets a value with the wrong data type in several fields for different widgets. After approval, it checks the text under the field, which informs about the correctness of the type of data entered","65796","Required Message validation test for multiple fields","","Mon Dec 01 07:57:48 UTC 2025","passed","Mon Dec 01 07:58:54 UTC 2025","","List. Checking the basic functions for the DateTime in the widget List","application.Samples.List.DateTimeOnListTest","fieldLevelValidation"
"Checking the url before the transition and after the transition/click on a special element","6475","The DrillDown test","","Mon Dec 01 07:38:13 UTC 2025","passed","Mon Dec 01 07:38:20 UTC 2025","","List. Checking the basic functions for the Number in the widget List","application.Samples.List.NumberOnListTest","drillDown"
"The test sets the value in the field. After approval, the popup window, the title, the text in it, and the buttons are validated.","21706","Business Exception Validation Test","","Mon Dec 01 07:51:49 UTC 2025","passed","Mon Dec 01 07:52:11 UTC 2025","","List. Checking the basic functions for the InlinePickList in the widget List","application.Samples.List.InlinePickListOnListTest","businessException"
"Filtering by the specified column.","6503","Filtering test","","Mon Dec 01 07:41:12 UTC 2025","passed","Mon Dec 01 07:41:18 UTC 2025","","List. Checking the basic functions for the Input in the widget List","application.Samples.List.InputOnListTest","filtration"
"The test sets the value in the field. After approval, by clicking on the save button, the popup window, the title, the text in it, and the buttons are validated.","13318","Confirmation Popup Validation Test","","Mon Dec 01 07:38:20 UTC 2025","passed","Mon Dec 01 07:38:34 UTC 2025","","List. Checking the basic functions for the Radio in the widget List","application.Samples.List.RadioOnListTest","confirm"
"Sorting is not available for the Form widget","8404","Sorting test","","Mon Dec 01 08:05:57 UTC 2025","passed","Mon Dec 01 08:06:06 UTC 2025","","Form. Checking the basic functions for the InlinePickList in the widget Form","application.Samples.Form.InlinePickListOnFormTest","sorting"
"The test gets the value from the style attribute in RGB format, and then converts it to Hex format","8291","A test to get the field color value in Hex format","","Mon Dec 01 08:07:50 UTC 2025","passed","Mon Dec 01 08:07:59 UTC 2025","","Form. Checking the basic functions for the CheckBox","application.Samples.Form.CheckBoxOnFormTest","color"
"Filtering is not available for InfoWidget.","6411","Filtering test","","Mon Dec 01 07:59:15 UTC 2025","passed","Mon Dec 01 07:59:21 UTC 2025","","Info. Checking the basic functions for the Money","application.Samples.Info.MoneyOnInfoTest","filtration"
"","8882","A test to check the options of the drop-down list","","Mon Dec 01 07:54:19 UTC 2025","passed","Mon Dec 01 07:54:28 UTC 2025","","List. Checking the basic functions for the Dictionary in the widget List","application.Samples.List.DictionaryOnListTest","options"
"Checking the url before the transition and after the transition/click on a special element","10979","The DrillDown test","","Mon Dec 01 07:54:08 UTC 2025","passed","Mon Dec 01 07:54:19 UTC 2025","","List. Checking the basic functions for the Dictionary in the widget List","application.Samples.List.DictionaryOnListTest","drillDown"
"The test gets the value from the placeholder attribute and returns it in String format","7734","Test for getting the Placeholder value","","Mon Dec 01 07:42:39 UTC 2025","passed","Mon Dec 01 07:42:46 UTC 2025","","List. Checking the basic functions for the Money in the widget List","application.Samples.List.MoneyOnListTest","placeholder"
"The test sets the value in the field. After approval, by clicking on the save button, the popup window, the title, the text in it, and the buttons are validated","6328","Confirmation Popup Validation Test","","Mon Dec 01 08:09:43 UTC 2025","passed","Mon Dec 01 08:09:49 UTC 2025","","Form. Checking the basic functions for the Input in the widget Form","application.Samples.Form.InputOnFormTest","confirm"
"The test sets the value in the field, and then checks the value in the field with what should be set","7716","A test for setting a value in a field","","Mon Dec 01 08:11:21 UTC 2025","passed","Mon Dec 01 08:11:29 UTC 2025","","Form. Checking the basic functions for the NumberDigits in the widget Form","application.Samples.Form.NumberDigitsOnFormTest","edit"
"The test sets the value in the field, and then checks the value in the field with what should be set","7128","A test for setting a value in a field","","Mon Dec 01 08:07:26 UTC 2025","passed","Mon Dec 01 08:07:33 UTC 2025","","Form. Checking the basic functions for the DateTimeWithSeconds in the widget Form","application.Samples.Form.DateTimeWithSecondsOnFormTest","edit"
"Sorting by the specified column.","11448","Sorting test","","Mon Dec 01 07:48:30 UTC 2025","passed","Mon Dec 01 07:48:42 UTC 2025","","List. Checking the basic functions for the FileUpload in the widget List","application.Samples.List.FileUploadOnListTest","sorting"
"The test clears the field and clicks the Save button. Then validates the message that the field is required.","23529","Required Message text Verification field test","","Mon Dec 01 07:51:25 UTC 2025","passed","Mon Dec 01 07:51:49 UTC 2025","","List. Checking the basic functions for the InlinePickList in the widget List","application.Samples.List.InlinePickListOnListTest","required"
"Getting the field color is not available","4943","A test to get the field color value in Hex format","","Mon Dec 01 08:08:40 UTC 2025","passed","Mon Dec 01 08:08:45 UTC 2025","","Form. Checking the basic functions for the Hint in the widget Form","application.Samples.Form.HintOnFormTest","color"
"Sorting is not available for InfoWidget.","7452","Sorting test","","Mon Dec 01 08:00:36 UTC 2025","passed","Mon Dec 01 08:00:43 UTC 2025","","Info. Checking the basic functions for the MultiplySelect","application.Samples.Info.MultipleSelectOnInfoTest","sorting"
"The test gets the value in the field, and then checks the value in the field with what should be.","0","A test for checking a value in a field","","Mon Dec 01 07:45:21 UTC 2025","skipped","Mon Dec 01 07:45:21 UTC 2025","","List. Checking the basic functions for the CheckBox","application.Samples.List.CheckBoxOnListTest","read"
"The test checks for the disabled attribute.","6824","A test to check the field for ""Read-only""","","Mon Dec 01 07:43:38 UTC 2025","passed","Mon Dec 01 07:43:45 UTC 2025","","List. Checking the basic functions for the MultiValue in the widget List","application.Samples.List.MultiValueOnListTest","readonly"
"The InfoWidget doesn't have a Placeholder.","6343","Test for getting the Placeholder value","","Mon Dec 01 07:57:59 UTC 2025","passed","Mon Dec 01 07:58:06 UTC 2025","","Info. Checking the basic functions for the MultiValueHover","application.Samples.Info.MultiValueHoverOnInfoTest","placeholder"
"Info Widget is always read-only","4993","A test to check the field for ""Read-only""","","Mon Dec 01 08:00:15 UTC 2025","passed","Mon Dec 01 08:00:20 UTC 2025","","Info. Checking the basic functions for the DateTime","application.Samples.Info.DateTimeOnInfoTest","readonly"
"The test sets the value in the field, and then checks the value in the field with what should be set","11637","A test for setting a value in a field","","Mon Dec 01 08:15:13 UTC 2025","passed","Mon Dec 01 08:15:24 UTC 2025","","Form. Checking the basic functions for the Time","application.Samples.Form.TimeOnFormTest","edit2"
"The test sets the value in the field. After approval, by clicking on the save button, the popup window, the title, the text in it, and the buttons are validated","7987","Confirmation Popup Validation Test","","Mon Dec 01 08:05:33 UTC 2025","passed","Mon Dec 01 08:05:41 UTC 2025","","Form. Checking the basic functions for the Money in the widget Form","application.Samples.Form.MoneyOnFormTest","confirm"
"","5433","The test for getting the value from the field","","Mon Dec 01 07:59:43 UTC 2025","passed","Mon Dec 01 07:59:49 UTC 2025","","Info. Checking the basic functions for the Date","application.Samples.Info.DateOnInfoTest","read"
"Sorting by the specified column.","18220","Sorting test","","Mon Dec 01 07:51:24 UTC 2025","passed","Mon Dec 01 07:51:42 UTC 2025","","List. Checking the basic functions for the Date in the widget List","application.Samples.List.DateOnListTest","sorting"
"The test gets the value from the placeholder attribute and returns it in String format","5174","Test for getting the Placeholder value","","Mon Dec 01 08:06:12 UTC 2025","passed","Mon Dec 01 08:06:17 UTC 2025","","Form. Checking the basic functions for the Date in the widget Form","application.Samples.Form.DateOnFormTest","placeholder"
"The test sets the value in the field. After approval, by clicking on the save button, the popup window, the title, the text in it, and the buttons are validated.","12582","Confirmation Popup Validation Test","","Mon Dec 01 07:49:00 UTC 2025","passed","Mon Dec 01 07:49:13 UTC 2025","","List. Checking the basic functions for the Text in the widget List","application.Samples.List.TextOnListTest","confirm"
"The test gets the value from the style attribute in RGB format, and then converts it to Hex format","7419","A test to get the field color value in Hex format","","Mon Dec 01 07:44:54 UTC 2025","passed","Mon Dec 01 07:45:01 UTC 2025","","List. Checking the basic functions for the MultiValue in the widget List","application.Samples.List.MultiValueOnListTest","color"
"The test checks for the disabled attribute.","6982","A test to check the field for ""Read-only""","","Mon Dec 01 08:11:18 UTC 2025","passed","Mon Dec 01 08:11:25 UTC 2025","","Form. Checking the basic functions for the MultiValue in the widget Form","application.Samples.Form.MultiValueOnFormTest","readonly"
"The test sets the value in the field. After approval, the popup window, the title, the text in it, and the buttons are validated","11304","Business Exception Validation Test","","Mon Dec 01 08:06:52 UTC 2025","passed","Mon Dec 01 08:07:03 UTC 2025","","Form. Checking the basic functions for the InlinePickList in the widget Form","application.Samples.Form.InlinePickListOnFormTest","businessException"
"The test sets the value in the field. After approval, the popup window, the title, the text in it, and the buttons are validated","6912","Business Exception Validation Test","","Mon Dec 01 08:14:22 UTC 2025","passed","Mon Dec 01 08:14:29 UTC 2025","","Form. Checking the basic functions for the FileUpload in the widget Form","application.Samples.Form.FileUploadOnFormTest","businessException"
"The test checks the creation and deletion in the dictionary and the result of this work on another screen.","28329","Test filtering at List","","Mon Dec 01 08:01:53 UTC 2025","passed","Mon Dec 01 08:02:21 UTC 2025","","Checking the basic functions for the Dictionary administration panel","application.Samples.DictionaryAdministrationTest","filterList"
"Info Widget is always read-only","7546","A test to check the field for ""Read-only""","","Mon Dec 01 08:00:58 UTC 2025","passed","Mon Dec 01 08:01:06 UTC 2025","","Info. Checking the basic functions for the MultiplySelect","application.Samples.Info.MultipleSelectOnInfoTest","readonly"
"","5841","The test for getting the value from the field","","Mon Dec 01 08:01:35 UTC 2025","passed","Mon Dec 01 08:01:41 UTC 2025","","Info. Checking the basic functions for the Number","application.Samples.Info.NumberOnInfoTest","read"
"The test checks the value in the field with what should be set","10606","A test to read value","","Mon Dec 01 08:00:35 UTC 2025","passed","Mon Dec 01 08:00:46 UTC 2025","","Info. Checking the basic functions for the Time","application.Samples.Info.TimeOnInfoTest","read3"
"The test clear the value in the field , and then checks the value in the field, it must be null.","7644","A test for checking the possibility of an empty field","","Mon Dec 01 07:39:42 UTC 2025","passed","Mon Dec 01 07:39:50 UTC 2025","","List. Checking the basic functions for the Money in the widget List","application.Samples.List.MoneyOnListTest","nullable"
"The InfoWidget doesn't have a Placeholder.","7606","Test for getting the Placeholder value","","Mon Dec 01 08:01:21 UTC 2025","passed","Mon Dec 01 08:01:29 UTC 2025","","Info. Checking the basic functions for the MultiplySelect","application.Samples.Info.MultipleSelectOnInfoTest","placeholder"
"Checking the url before the transition and after the transition/click on a special element","5524","The DrillDown test","","Mon Dec 01 08:11:04 UTC 2025","passed","Mon Dec 01 08:11:10 UTC 2025","","Form. Checking the basic functions for the NumberDigits in the widget Form","application.Samples.Form.NumberDigitsOnFormTest","drillDown"
"The test sets the characters in the field, and then returns a list of values that match or contain characters","13414","Character Matching test","","Mon Dec 01 08:07:23 UTC 2025","passed","Mon Dec 01 08:07:37 UTC 2025","","Form. Checking the basic functions for the InlinePickList in the widget Form","application.Samples.Form.InlinePickListOnFormTest","valuesInList"
"DrillDown is not available for InfoWidget.","7979","The DrillDown test","","Mon Dec 01 07:59:48 UTC 2025","passed","Mon Dec 01 07:59:56 UTC 2025","","Info. Checking the basic functions for the Radio","application.Samples.Info.RadioOnInfoTest","drillDown"
"The test clears the field and clicks the Save button. Then validates the message that the field is required.","21047","Required Message text Verification field test","","Mon Dec 01 07:56:05 UTC 2025","passed","Mon Dec 01 07:56:26 UTC 2025","","List. Checking the basic functions for the DateTime in the widget List","application.Samples.List.DateTimeOnListTest","required"
"","8076","Digits test","","Mon Dec 01 07:58:48 UTC 2025","passed","Mon Dec 01 07:58:56 UTC 2025","","Info. Checking the basic functions for the Percent","application.Samples.Info.PercentOnInfoTest","digits"
"The test sets the value in the field. After approval, by clicking on the save button, the popup window, the title, the text in it, and the buttons are validated","8023","Confirmation Popup Validation Test","","Mon Dec 01 08:07:45 UTC 2025","passed","Mon Dec 01 08:07:53 UTC 2025","","Form. Checking the basic functions for the DateTimeWithSeconds in the widget Form","application.Samples.Form.DateTimeWithSecondsOnFormTest","confirm"
"Checking the url before the transition and after the transition/click on a special element","5231","The DrillDown test","","Mon Dec 01 08:08:49 UTC 2025","passed","Mon Dec 01 08:08:54 UTC 2025","","Form. Checking the basic functions for the Input in the widget Form","application.Samples.Form.InputOnFormTest","drillDown"
"","8922","The test for getting the value from the field","","Mon Dec 01 07:59:13 UTC 2025","passed","Mon Dec 01 07:59:22 UTC 2025","","Info. Checking the basic functions for the Percent","application.Samples.Info.PercentOnInfoTest","read"
"Тест устанавливает значение в поле, а после проверяет значение в поле с тем, что должно быть установлено. Предварительной очистки поля нет","9452","A test for setting a value in a field","","Mon Dec 01 07:42:12 UTC 2025","passed","Mon Dec 01 07:42:21 UTC 2025","","List. Checking the basic functions for the MultipleSelect in the widget List","application.Samples.List.MultipleSelectOnListTest","edit"
"The test sets a value with the wrong data type in several fields for different widgets. After approval, it checks the text under the field, which informs about the correctness of the type of data entered","12892","Required Message validation test for multiple fields","","Mon Dec 01 07:46:02 UTC 2025","passed","Mon Dec 01 07:46:15 UTC 2025","","List. Checking the basic functions for the CheckBox","application.Samples.List.CheckBoxOnListTest","fieldLevelValidation"
"","6288","digits()","","Mon Dec 01 08:02:54 UTC 2025","passed","Mon Dec 01 08:03:00 UTC 2025","","Form. Checking the basic functions for the Number in the widget Form","application.Samples.Form.NumberOnFormTest","digits"
"The test sets the value in the field. After approval, by clicking on the save button, the popup window, the title, the text in it, and the buttons are validated.","10998","Confirmation Popup Validation Test","","Mon Dec 01 07:45:51 UTC 2025","passed","Mon Dec 01 07:46:02 UTC 2025","","List. Checking the basic functions for the CheckBox","application.Samples.List.CheckBoxOnListTest","confirm"
"The test checks for the disabled attribute","9247","A test to check the field for ""Read-only""","","Mon Dec 01 08:09:14 UTC 2025","passed","Mon Dec 01 08:09:24 UTC 2025","","Form. Checking the basic functions for the Dictionary in the widget Form","application.Samples.Form.DictionaryOnFormTest","readonly"
"The test gets the value in the field, and then checks the value in the field with what should be.","0","A test for checking a value in a field","","Mon Dec 01 07:46:56 UTC 2025","skipped","Mon Dec 01 07:46:56 UTC 2025","","List. Checking the basic functions for the MultiValueHover in the widget List","application.Samples.List.MultiValueHoverOnListTest","read"
"A test to get the value from the field. Hint is always read-only, so it is impossible to set the value.","5258","A test to check the value in a field","","Mon Dec 01 08:08:34 UTC 2025","passed","Mon Dec 01 08:08:40 UTC 2025","","Form. Checking the basic functions for the Hint in the widget Form","application.Samples.Form.HintOnFormTest","edit"
"The test sets the value in the field. After approval, the popup window, the title, the text in it, and the buttons are validated.","18620","Business Exception Validation Test","","Mon Dec 01 07:52:52 UTC 2025","passed","Mon Dec 01 07:53:11 UTC 2025","","List. Checking the basic functions for the Date in the widget List","application.Samples.List.DateOnListTest","businessException"
"The test sets the value, after which the method returns the full list of value-status","23417","Test to get all values with the status","","Mon Dec 01 07:37:57 UTC 2025","passed","Mon Dec 01 07:38:20 UTC 2025","","List. Checking the basic functions for the Radio in the widget List","application.Samples.List.RadioOnListTest","getValues"
"The test gets the value from the placeholder attribute and returns it in String format","9239","Test for getting the Placeholder value","","Mon Dec 01 08:07:37 UTC 2025","passed","Mon Dec 01 08:07:46 UTC 2025","","Form. Checking the basic functions for the InlinePickList in the widget Form","application.Samples.Form.InlinePickListOnFormTest","placeholder"
"Checking the url before the transition and after the transition/click on a special element","7777","The DrillDown test","","Mon Dec 01 07:39:50 UTC 2025","passed","Mon Dec 01 07:39:57 UTC 2025","","List. Checking the basic functions for the Money in the widget List","application.Samples.List.MoneyOnListTest","drillDown"
"The test sets the value in the field, and then checks the value in the field with what should be set","10690","A test for setting a value in a field","","Mon Dec 01 08:09:55 UTC 2025","passed","Mon Dec 01 08:10:05 UTC 2025","","Form. Checking the basic functions for the Dictionary in the widget Form","application.Samples.Form.DictionaryOnFormTest","edit"
"The test sets a value with the wrong data type in several fields for different widgets. After approval, it checks the text under the field, which informs about the correctness of the type of data entered","10466","Required Message validation test for multiple fields","","Mon Dec 01 08:08:17 UTC 2025","passed","Mon Dec 01 08:08:28 UTC 2025","","Form. Checking the basic functions for the CheckBox","application.Samples.Form.CheckBoxOnFormTest","fieldLevelValidation"
"The test sets the value with the wrong data type in the field. After approval, it checks the text under the field, which informs about the correctness of the type of data entered","7745","Required Message validation test for one field","","Mon Dec 01 08:04:43 UTC 2025","passed","Mon Dec 01 08:04:51 UTC 2025","","Form. Checking the basic functions for the Money in the widget Form","application.Samples.Form.MoneyOnFormTest","fieldLevelValidationAnnotation"
"The test sets the value in the field. After approval, by clicking on the save button, the popup window, the title, the text in it, and the buttons are validated","8376","Confirmation Popup Validation Test","","Mon Dec 01 08:10:52 UTC 2025","passed","Mon Dec 01 08:11:01 UTC 2025","","Form. Checking the basic functions for the PickList in the widget Form","application.Samples.Form.PickListOnFormTest","confirm"
"The InfoWidget doesn't have a Placeholder.","5399","Test for getting the Placeholder value","","Mon Dec 01 07:59:54 UTC 2025","passed","Mon Dec 01 07:59:59 UTC 2025","","Info. Checking the basic functions for the Date","application.Samples.Info.DateOnInfoTest","placeholder"
"The test gets the value from the style attribute in RGB format, and then converts it to Hex format","5451","A test to get the field color value in Hex format","","Mon Dec 01 08:06:07 UTC 2025","passed","Mon Dec 01 08:06:12 UTC 2025","","Form. Checking the basic functions for the Date in the widget Form","application.Samples.Form.DateOnFormTest","color"
"The test checks for the disabled attribute","5353","A test to check the field for ""Read-only""","","Mon Dec 01 08:06:59 UTC 2025","passed","Mon Dec 01 08:07:04 UTC 2025","","Form. Checking the basic functions for the DateTimeWithSeconds in the widget Form","application.Samples.Form.DateTimeWithSecondsOnFormTest","readonly"
"The test sets the value with the wrong data type in the field. After approval, it checks the text under the field, which informs about the correctness of the type of data entered","7823","Required Message validation test for one field","","Mon Dec 01 08:07:04 UTC 2025","passed","Mon Dec 01 08:07:12 UTC 2025","","Form. Checking the basic functions for the DateTimeWithSeconds in the widget Form","application.Samples.Form.DateTimeWithSecondsOnFormTest","fieldLevelValidationAnnotation"
"The test sets a value with the wrong data type in several fields for different widgets. After approval, it checks the text under the field, which informs about the correctness of the type of data entered","6930","Required Message validation test for multiple fields","","Mon Dec 01 08:11:01 UTC 2025","passed","Mon Dec 01 08:11:08 UTC 2025","","Form. Checking the basic functions for the PickList in the widget Form","application.Samples.Form.PickListOnFormTest","fieldLevelValidation"
"The test checks the creation and deletion in the dictionary and the result of this work on another screen.","27437","Test sorting at Form","","Mon Dec 01 08:04:00 UTC 2025","passed","Mon Dec 01 08:04:28 UTC 2025","","Checking the basic functions for the Dictionary administration panel","application.Samples.DictionaryAdministrationTest","sortingForm"
"The test sets a value with the wrong data type in several fields for different widgets. After approval, it checks the text under the field, which informs about the correctness of the type of data entered","23707","Required Message validation test for multiple fields","","Mon Dec 01 07:53:21 UTC 2025","passed","Mon Dec 01 07:53:45 UTC 2025","","List. Checking the basic functions for the InlinePickList in the widget List","application.Samples.List.InlinePickListOnListTest","fieldLevelValidation"
"The test sets the value in the field. After approval, the popup window, the title, the text in it, and the buttons are validated","8704","Run-time exception validation test","","Mon Dec 01 08:14:00 UTC 2025","passed","Mon Dec 01 08:14:09 UTC 2025","","Form. Checking the basic functions for the MultipleSelect in the widget Form","application.Samples.Form.MultipleSelectOnFormTest","runtimeException"
"Filtering by the specified column.","9854","Filtering test","","Mon Dec 01 07:46:29 UTC 2025","passed","Mon Dec 01 07:46:39 UTC 2025","","List. Checking the basic functions for the MultiValueHover in the widget List","application.Samples.List.MultiValueHoverOnListTest","filtration"
"The test sets one value in the field, then checks the list with the expected value.","28068","A test for setting a single value in a field","","Mon Dec 01 08:10:28 UTC 2025","passed","Mon Dec 01 08:10:56 UTC 2025","","Form. Checking the basic functions for the MultiValue in the widget Form","application.Samples.Form.MultiValueOnFormTest","test_once"
"The test check icon's name from the drop-down list ","10176","A test for checking the icon","","Mon Dec 01 07:55:35 UTC 2025","passed","Mon Dec 01 07:55:45 UTC 2025","","List. Checking the basic functions for the Dictionary in the widget List","application.Samples.List.DictionaryOnListTest","icon"
"The test sets the value in the field. After approval, the popup window, the title, the text in it, and the buttons are validated","7451","Run-time exception validation test","","Mon Dec 01 08:05:50 UTC 2025","passed","Mon Dec 01 08:05:57 UTC 2025","","Form. Checking the basic functions for the Money in the widget Form","application.Samples.Form.MoneyOnFormTest","runtimeException"
"The Hint field type is always read-only","7341","A test to check the field for ""Read-only""","","Mon Dec 01 08:13:45 UTC 2025","passed","Mon Dec 01 08:13:52 UTC 2025","","Form. Checking the basic functions for the MultiValueHover in the widget Form","application.Samples.Form.MultiValueHoverOnFormTest","readonly"
"The test sets the value in the field. After approval, by clicking on the save button, the popup window, the title, the text in it, and the buttons are validated.","20389","Confirmation Popup Validation Test","","Mon Dec 01 07:57:28 UTC 2025","passed","Mon Dec 01 07:57:48 UTC 2025","","List. Checking the basic functions for the DateTime in the widget List","application.Samples.List.DateTimeOnListTest","confirm"
"The test gets the value from the placeholder attribute and returns it in String format","8388","Test for getting the Placeholder value","","Mon Dec 01 08:13:03 UTC 2025","passed","Mon Dec 01 08:13:11 UTC 2025","","Form. Checking the basic functions for the Percent in the widget Form","application.Samples.Form.PercentOnFormTest","placeholder"
"The InfoWidget doesn't have a Placeholder.","6812","Test for getting the Placeholder value","","Mon Dec 01 07:56:07 UTC 2025","passed","Mon Dec 01 07:56:14 UTC 2025","","Info. Checking the basic functions for the PickList","application.Samples.Info.PickListOnInfoTest","placeholder"
"The test clears the field and clicks the Save button. Then validates the message that the field is required.","20895","Required Message text Verification field test","","Mon Dec 01 07:44:04 UTC 2025","passed","Mon Dec 01 07:44:25 UTC 2025","","List. Checking the basic functions for the MultiValue in the widget List","application.Samples.List.MultiValueOnListTest","required"
"The test sets the value with the wrong data type in the field. After approval, it checks the text under the field, which informs about the correctness of the type of data entered.","31306","Required Message validation test for one field","","Mon Dec 01 07:55:33 UTC 2025","passed","Mon Dec 01 07:56:05 UTC 2025","","List. Checking the basic functions for the DateTime in the widget List","application.Samples.List.DateTimeOnListTest","fieldLevelValidationAnnotation"
"The test gets the value from the style attribute in RGB format, and then converts it to Hex format","10778","A test to get the field color value in Hex format","","Mon Dec 01 08:00:14 UTC 2025","passed","Mon Dec 01 08:00:25 UTC 2025","","Info. Checking the basic functions for the Time","application.Samples.Info.TimeOnInfoTest","color"
"Filtering is not available for InfoWidget.","4455","Filtering test","","Mon Dec 01 07:58:15 UTC 2025","passed","Mon Dec 01 07:58:19 UTC 2025","","Info. Checking the basic functions for the Hint","application.Samples.Info.HintOnInfoTest","filtration"
"InfoWidget does not have a Hex field color for this type.","7005","A test to get the field color value in Hex format","","Mon Dec 01 07:57:57 UTC 2025","passed","Mon Dec 01 07:58:04 UTC 2025","","Info. Checking the basic functions for the CheckBox","application.Samples.Info.CheckboxOnInfoTest","color"
"The test clears the field and clicks the Save button. Then validates the message that the field is required.","20901","Required Message text Verification field test","","Mon Dec 01 07:40:54 UTC 2025","passed","Mon Dec 01 07:41:15 UTC 2025","","List. Checking the basic functions for the Money in the widget List","application.Samples.List.MoneyOnListTest","required"
"The test sets a value with the wrong data type in several fields for different widgets. After approval, it checks the text under the field, which informs about the correctness of the type of data entered","83834","Required Message validation test for multiple fields","","Mon Dec 01 07:43:17 UTC 2025","passed","Mon Dec 01 07:44:40 UTC 2025","","List. Checking the basic functions for the Money in the widget List","application.Samples.List.MoneyOnListTest","fieldLevelValidation"
"Info Widget is always read-only","9033","A test to check the field for ""Read-only""","","Mon Dec 01 08:02:00 UTC 2025","passed","Mon Dec 01 08:02:09 UTC 2025","","Info. Checking the basic functions for the Text","application.Samples.Info.TextOnInfoTest","readonly"
"The test gets the value from the style attribute in RGB format, and then converts it to Hex format","8331","A test to get the field color value in Hex format","","Mon Dec 01 07:42:21 UTC 2025","passed","Mon Dec 01 07:42:30 UTC 2025","","List. Checking the basic functions for the MultipleSelect in the widget List","application.Samples.List.MultipleSelectOnListTest","color"
"","19512","test_2()","","Mon Dec 01 07:51:39 UTC 2025","passed","Mon Dec 01 07:51:59 UTC 2025","","List. Checking the basic functions for the PickList in the widget List","application.Samples.List.PickListOnListTest","test_2"
"Checking the url before the transition and after the transition/click on a special element","8722","The DrillDown test","","Mon Dec 01 07:44:23 UTC 2025","passed","Mon Dec 01 07:44:32 UTC 2025","","List. Checking the basic functions for the CheckBox","application.Samples.List.CheckBoxOnListTest","drillDown"
"The test sets the value in the field. After approval, the popup window, the title, the text in it, and the buttons are validated.","8097","Run-time exception validation test","","Mon Dec 01 08:13:37 UTC 2025","passed","Mon Dec 01 08:13:45 UTC 2025","","Form. Checking the basic functions for the MultiValue in the widget Form","application.Samples.Form.MultiValueOnFormTest","runtimeException"
"The test checks for the disabled attribute","6473","A test to check the field for ""Read-only""","","Mon Dec 01 08:04:37 UTC 2025","passed","Mon Dec 01 08:04:43 UTC 2025","","Form. Checking the basic functions for the Money in the widget Form","application.Samples.Form.MoneyOnFormTest","readonly"
"Checking the url before the transition and after the transition/click on a special element","7924","The DrillDown test","","Mon Dec 01 07:48:50 UTC 2025","passed","Mon Dec 01 07:48:58 UTC 2025","","List. Checking the basic functions for the FileUpload in the widget List","application.Samples.List.FileUploadOnListTest","drillDown"
"The test gets the value in the field, and then checks the value in the field with what should be.","0","A test for checking a value in a field","","Mon Dec 01 07:42:25 UTC 2025","skipped","Mon Dec 01 07:42:25 UTC 2025","","List. Checking the basic functions for the Money in the widget List","application.Samples.List.MoneyOnListTest","read"
"The test sets a value with the wrong data type in several fields for different widgets. After approval, it checks the text under the field, which informs about the correctness of the type of data entered","8471","Required Message validation test for multiple fields","","Mon Dec 01 08:05:41 UTC 2025","passed","Mon Dec 01 08:05:50 UTC 2025","","Form. Checking the basic functions for the Money in the widget Form","application.Samples.Form.MoneyOnFormTest","fieldLevelValidation"
"A test to get the value from the field. MultiValueHover is always read-only, so it is impossible to set the value.","8632","A test for setting a value in a field","","Mon Dec 01 07:46:48 UTC 2025","passed","Mon Dec 01 07:46:56 UTC 2025","","List. Checking the basic functions for the MultiValueHover in the widget List","application.Samples.List.MultiValueHoverOnListTest","edit"
"Sorting is not available for InfoWidget.","7561","Sorting test","","Mon Dec 01 07:58:33 UTC 2025","passed","Mon Dec 01 07:58:40 UTC 2025","","Info. Checking the basic functions for the Percent","application.Samples.Info.PercentOnInfoTest","sorting"
"The test sets the value in the field. After approval, the popup window, the title, the text in it, and the buttons are validated","7559","Business Exception Validation Test","","Mon Dec 01 08:04:59 UTC 2025","passed","Mon Dec 01 08:05:06 UTC 2025","","Form. Checking the basic functions for the Money in the widget Form","application.Samples.Form.MoneyOnFormTest","businessException"
"The test verifies that after clearing the field, it is empty","7835","The test for deleting a file from a field","","Mon Dec 01 08:14:37 UTC 2025","passed","Mon Dec 01 08:14:44 UTC 2025","","Form. Checking the basic functions for the FileUpload in the widget Form","application.Samples.Form.FileUploadOnFormTest","clear"
"Filtering is not available for the Form widget","12026","Filtering test","","Mon Dec 01 08:04:43 UTC 2025","passed","Mon Dec 01 08:04:55 UTC 2025","","Form. Checking the basic functions for the Suggestion PickList in the widget Form","application.Samples.Form.SuggestionPickListOnFormTest","filtration"
"The test gets the value from the style attribute in RGB format, and then converts it to Hex format","6304","A test to get the field color value in Hex format","","Mon Dec 01 07:59:34 UTC 2025","passed","Mon Dec 01 07:59:40 UTC 2025","","Info. Checking the basic functions for the Money","application.Samples.Info.MoneyOnInfoTest","color"
"The test gets the value from the style attribute in RGB format, and then converts it to Hex format","8544","A test to get the field color value in Hex format","","Mon Dec 01 07:48:43 UTC 2025","passed","Mon Dec 01 07:48:51 UTC 2025","","List. Checking the basic functions for the Text in the widget List","application.Samples.List.TextOnListTest","color"
"Sorting by the specified column.","11832","Sorting test","","Mon Dec 01 07:39:30 UTC 2025","passed","Mon Dec 01 07:39:42 UTC 2025","","List. Checking the basic functions for the Money in the widget List","application.Samples.List.MoneyOnListTest","sorting"
"Sorting is not available for InfoWidget.","8278","Sorting test","","Mon Dec 01 07:59:39 UTC 2025","passed","Mon Dec 01 07:59:48 UTC 2025","","Info. Checking the basic functions for the Radio","application.Samples.Info.RadioOnInfoTest","sorting"
"Filtering by the specified column.","8562","Filtering test","","Mon Dec 01 07:39:57 UTC 2025","passed","Mon Dec 01 07:40:06 UTC 2025","","List. Checking the basic functions for the Money in the widget List","application.Samples.List.MoneyOnListTest","filtration"
"The test gets the value from the style attribute in RGB format, and then converts it to Hex format","6558","A test to get the field color value in Hex format","","Mon Dec 01 08:14:44 UTC 2025","passed","Mon Dec 01 08:14:51 UTC 2025","","Form. Checking the basic functions for the FileUpload in the widget Form","application.Samples.Form.FileUploadOnFormTest","color"
"InfoWidget does not have a Hex field color for this type.","4693","A test to get the field color value in Hex format","","Mon Dec 01 07:58:28 UTC 2025","passed","Mon Dec 01 07:58:33 UTC 2025","","Info. Checking the basic functions for the Hint","application.Samples.Info.HintOnInfoTest","color"
"The test gets the value from the placeholder attribute and returns it in String format","9717","Test for getting the Placeholder value","","Mon Dec 01 07:42:30 UTC 2025","passed","Mon Dec 01 07:42:39 UTC 2025","","List. Checking the basic functions for the MultipleSelect in the widget List","application.Samples.List.MultipleSelectOnListTest","placeholder"
"The test gets the value from the placeholder attribute and returns it in String format","9080","Test for getting the Placeholder value","","Mon Dec 01 07:48:51 UTC 2025","passed","Mon Dec 01 07:49:00 UTC 2025","","List. Checking the basic functions for the Text in the widget List","application.Samples.List.TextOnListTest","placeholder"
"The test sets the value in the field, and then checks the value in the field with what should be set.","19533","A test for setting a number with a fractional part in a field","","Mon Dec 01 08:16:44 UTC 2025","passed","Mon Dec 01 08:17:04 UTC 2025","","List. Checking the basic functions for the Percent in the widget List","application.Samples.List.PercentOnListTest","digits"
"Sorting by the specified column.","20185","Sorting test","","Mon Dec 01 07:47:14 UTC 2025","passed","Mon Dec 01 07:47:34 UTC 2025","","List. Checking the basic functions for the DateTimeWithSeconds in the widget List","application.Samples.List.DateTimeWithSecondsOnListTest","sorting"
"A test to get the value from the field. Hint is always read-only, so it is impossible to set the value.","7157","A test to check the value in a field","","Mon Dec 01 07:45:31 UTC 2025","passed","Mon Dec 01 07:45:38 UTC 2025","","List. Checking the basic functions for the Hint in the widget List","application.Samples.List.HintOnListTest","edit"
"Filtering is not available for the Form widget","6937","Filtering test","","Mon Dec 01 08:10:21 UTC 2025","passed","Mon Dec 01 08:10:28 UTC 2025","","Form. Checking the basic functions for the MultiValue in the widget Form","application.Samples.Form.MultiValueOnFormTest","filtration"
"The test gets the value from the style attribute in RGB format, and then converts it to Hex format","5862","A test to get the field color value in Hex format","","Mon Dec 01 08:01:41 UTC 2025","passed","Mon Dec 01 08:01:47 UTC 2025","","Info. Checking the basic functions for the Number","application.Samples.Info.NumberOnInfoTest","color"
"The test sets the value in the field via Popup using a unique id, and then checks the value in the field with what needs to be set.","34495","A test for setting a value in a field","","Mon Dec 01 08:16:27 UTC 2025","passed","Mon Dec 01 08:17:02 UTC 2025","","List. Checking the basic functions for the SuggestionPickList in the widget List","application.Samples.List.SuggestionPickListOnListTest","edit"
"The test sets the value in the field, and then checks the value in the field with what should be set.","39113","A test for setting a value in a field","","Mon Dec 01 07:41:46 UTC 2025","passed","Mon Dec 01 07:42:25 UTC 2025","","List. Checking the basic functions for the Money in the widget List","application.Samples.List.MoneyOnListTest","edit"
"Sorting is not available for InfoWidget.","8881","Sorting test","","Mon Dec 01 08:00:36 UTC 2025","passed","Mon Dec 01 08:00:45 UTC 2025","","Info. Checking the basic functions for the MultiField","application.Samples.Info.MultiFieldOnInfoTest","sorting"
"The test sets the value with the wrong data type in the field. After approval, it checks the text under the field, which informs about the correctness of the type of data entered","7649","Required Message validation test for one field","","Mon Dec 01 08:03:12 UTC 2025","passed","Mon Dec 01 08:03:20 UTC 2025","","Form. Checking the basic functions for the Number in the widget Form","application.Samples.Form.NumberOnFormTest","fieldLevelValidationAnnotation"
"The test gets the value in the field, and then checks the value in the field with what should be.","0","A test for checking a value in a field","","Mon Dec 01 07:52:41 UTC 2025","skipped","Mon Dec 01 07:52:41 UTC 2025","","List. Checking the basic functions for the InlinePickList in the widget List","application.Samples.List.InlinePickListOnListTest","read"
"The test clears the field and clicks the Save button. Then validates the message that the field is required.","13438","Required Message text Verification field test","","Mon Dec 01 07:54:58 UTC 2025","passed","Mon Dec 01 07:55:11 UTC 2025","","List. Checking the basic functions for the Dictionary in the widget List","application.Samples.List.DictionaryOnListTest","required"
"The test clears the field and clicks the Save button. Then validates the message that the field is required","9241","Required Message text Verification field test","","Mon Dec 01 08:06:43 UTC 2025","passed","Mon Dec 01 08:06:52 UTC 2025","","Form. Checking the basic functions for the InlinePickList in the widget Form","application.Samples.Form.InlinePickListOnFormTest","required"
"Sorting is not available for the Form widget","6815","Sorting test","","Mon Dec 01 08:11:59 UTC 2025","passed","Mon Dec 01 08:12:06 UTC 2025","","Form. Checking the basic functions for the MultipleSelect in the widget Form","application.Samples.Form.MultipleSelectOnFormTest","sorting"
"The test sets the value with the wrong data type in the field. After approval, it checks the text under the field, which informs about the correctness of the type of data entered.","19147","Required Message validation test for one field","","Mon Dec 01 07:38:43 UTC 2025","passed","Mon Dec 01 07:39:03 UTC 2025","","List. Checking the basic functions for the Number in the widget List","application.Samples.List.NumberOnListTest","fieldLevelValidationAnnotation"
"Checking the url before the transition and after the transition/click on a special element","10022","The DrillDown test","","Mon Dec 01 08:15:45 UTC 2025","passed","Mon Dec 01 08:15:55 UTC 2025","","List. Checking the basic functions for the Percent in the widget List","application.Samples.List.PercentOnListTest","drillDown"
"The test clears the field and clicks the Save button. Then validates the message that the field is required","5836","Required Message text Verification field test","","Mon Dec 01 08:14:45 UTC 2025","passed","Mon Dec 01 08:14:51 UTC 2025","","Form. Checking the basic functions for the DateTime in the widget Form","application.Samples.Form.DateTimeOnFormTest","required"
"The test sets the value in the field. After approval, the popup window, the title, the text in it, and the buttons are validated","7244","Business Exception Validation Test","","Mon Dec 01 08:14:51 UTC 2025","passed","Mon Dec 01 08:14:58 UTC 2025","","Form. Checking the basic functions for the DateTime in the widget Form","application.Samples.Form.DateTimeOnFormTest","businessException"
"The test gets the value from the style attribute in RGB format, and then converts it to Hex format","5618","A test to get the field color value in Hex format","","Mon Dec 01 08:07:33 UTC 2025","passed","Mon Dec 01 08:07:39 UTC 2025","","Form. Checking the basic functions for the DateTimeWithSeconds in the widget Form","application.Samples.Form.DateTimeWithSecondsOnFormTest","color"
"Filtering is not available for the Form widget","6789","Filtering test","","Mon Dec 01 08:12:22 UTC 2025","passed","Mon Dec 01 08:12:29 UTC 2025","","Form. Checking the basic functions for the MultipleSelect in the widget Form","application.Samples.Form.MultipleSelectOnFormTest","filtration"
"The test gets the value from the style attribute in RGB format, and then converts it to Hex format","4715","A test to get the field color value in Hex format","","Mon Dec 01 08:09:27 UTC 2025","passed","Mon Dec 01 08:09:32 UTC 2025","","Form. Checking the basic functions for the Input in the widget Form","application.Samples.Form.InputOnFormTest","color"
"The test sets the value in the field. After approval, the popup window, the title, the text in it, and the buttons are validated","11559","Run-time exception validation test","","Mon Dec 01 08:15:20 UTC 2025","passed","Mon Dec 01 08:15:32 UTC 2025","","Form. Checking the basic functions for the FileUpload in the widget Form","application.Samples.Form.FileUploadOnFormTest","runtimeException"
"The test sets the value in the field, and then checks the value in the field with what should be set","9537","A test for setting a value in a field","","Mon Dec 01 08:08:59 UTC 2025","passed","Mon Dec 01 08:09:08 UTC 2025","","Form. Checking the basic functions for the Radio in the widget Form","application.Samples.Form.RadioOnFormTest","edit"
"Sorting is not available for the Form widget","8146","Sorting test","","Mon Dec 01 08:06:39 UTC 2025","passed","Mon Dec 01 08:06:47 UTC 2025","","Form. Checking the basic functions for the CheckBox","application.Samples.Form.CheckBoxOnFormTest","sorting"
"The test sets the value in the field via Popup using a unique id, and then checks the value in the field with what needs to be set","13351","A test for setting a value in a field","","Mon Dec 01 08:05:33 UTC 2025","passed","Mon Dec 01 08:05:47 UTC 2025","","Form. Checking the basic functions for the Suggestion PickList in the widget Form","application.Samples.Form.SuggestionPickListOnFormTest","edit"
"The test checks for the disabled attribute.","7564","A test to check the field for ""Read-only""","","Mon Dec 01 07:41:34 UTC 2025","passed","Mon Dec 01 07:41:41 UTC 2025","","List. Checking the basic functions for the MultipleSelect in the widget List","application.Samples.List.MultipleSelectOnListTest","readonly"
"Filtering by the specified column.","7696","Filtering test","","Mon Dec 01 07:47:42 UTC 2025","passed","Mon Dec 01 07:47:49 UTC 2025","","List. Checking the basic functions for the DateTimeWithSeconds in the widget List","application.Samples.List.DateTimeWithSecondsOnListTest","filtration"
"The test sets a value with the wrong data type in several fields for different widgets. After approval, it checks the text under the field, which informs about the correctness of the type of data entered","8176","Required Message validation test for multiple fields","","Mon Dec 01 08:13:52 UTC 2025","passed","Mon Dec 01 08:14:00 UTC 2025","","Form. Checking the basic functions for the MultipleSelect in the widget Form","application.Samples.Form.MultipleSelectOnFormTest","fieldLevelValidation"
"The test sets a value with the wrong data type in several fields for different widgets. After approval, it checks the text under the field, which informs about the correctness of the type of data entered","44601","Required Message validation test for multiple fields","","Mon Dec 01 07:38:34 UTC 2025","passed","Mon Dec 01 07:39:18 UTC 2025","","List. Checking the basic functions for the Radio in the widget List","application.Samples.List.RadioOnListTest","fieldLevelValidation"
"Filtering is not available for InfoWidget.","8465","Filtering test","","Mon Dec 01 07:58:56 UTC 2025","passed","Mon Dec 01 07:59:05 UTC 2025","","Info. Checking the basic functions for the Percent","application.Samples.Info.PercentOnInfoTest","filtration"
"The test sets a value with the wrong data type in several fields for different widgets. After approval, it checks the text under the field, which informs about the correctness of the type of data entered","42026","Required Message validation test for multiple fields","","Mon Dec 01 07:43:19 UTC 2025","passed","Mon Dec 01 07:44:02 UTC 2025","","List. Checking the basic functions for the Input in the widget List","application.Samples.List.InputOnListTest","fieldLevelValidation"
"The test clears the field and clicks the Save button. Then validates the message that the field is required","7366","Required Message text Verification field test","","Mon Dec 01 08:14:15 UTC 2025","passed","Mon Dec 01 08:14:22 UTC 2025","","Form. Checking the basic functions for the FileUpload in the widget Form","application.Samples.Form.FileUploadOnFormTest","required"
"Checking the url before the transition and after the transition/click on a special element","5524","The DrillDown test","","Mon Dec 01 08:05:13 UTC 2025","passed","Mon Dec 01 08:05:19 UTC 2025","","Form. Checking the basic functions for the Date in the widget Form","application.Samples.Form.DateOnFormTest","drillDown"
"The test sets a value with the wrong data type in several fields for different widgets. After approval, it checks the text under the field, which informs about the correctness of the type of data entered","10702","Required Message validation test for multiple fields","","Mon Dec 01 08:03:50 UTC 2025","passed","Mon Dec 01 08:04:00 UTC 2025","","Form. Checking the basic functions for the Text in the widget Form","application.Samples.Form.TextOnFormTest","fieldLevelValidation"
"Filtering is not available for InfoWidget.","5066","Filtering test","","Mon Dec 01 08:00:10 UTC 2025","passed","Mon Dec 01 08:00:15 UTC 2025","","Info. Checking the basic functions for the DateTime","application.Samples.Info.DateTimeOnInfoTest","filtration"
"A test to get the value from the field. MultiValueHover is always read-only, so it is impossible to set the value","7742","A test for setting a value in a field","","Mon Dec 01 08:13:52 UTC 2025","passed","Mon Dec 01 08:14:00 UTC 2025","","Form. Checking the basic functions for the MultiValueHover in the widget Form","application.Samples.Form.MultiValueHoverOnFormTest","edit"
"The test gets the value from the placeholder attribute and returns it in String format","9930","Test for getting the Placeholder value","","Mon Dec 01 07:45:42 UTC 2025","passed","Mon Dec 01 07:45:51 UTC 2025","","List. Checking the basic functions for the CheckBox","application.Samples.List.CheckBoxOnListTest","placeholder"
"The test sets the value with the wrong data type in the field. After approval, it checks the text under the field, which informs about the correctness of the type of data entered","7638","Required Message validation test for one field","","Mon Dec 01 08:05:24 UTC 2025","passed","Mon Dec 01 08:05:32 UTC 2025","","Form. Checking the basic functions for the Date in the widget Form","application.Samples.Form.DateOnFormTest","fieldLevelValidationAnnotationAlternative"
"The test clears the field and clicks the Save button. Then validates the message that the field is required","9272","Required Message text Verification field test","","Mon Dec 01 08:07:22 UTC 2025","passed","Mon Dec 01 08:07:31 UTC 2025","","Form. Checking the basic functions for the CheckBox","application.Samples.Form.CheckBoxOnFormTest","required"
"The test gets the value in the field, and then checks the value in the field with what should be.","0","A test for checking a value in a field","","Mon Dec 01 07:42:21 UTC 2025","skipped","Mon Dec 01 07:42:21 UTC 2025","","List. Checking the basic functions for the MultipleSelect in the widget List","application.Samples.List.MultipleSelectOnListTest","read"
"The test gets the value from the style attribute in RGB format, and then converts it to Hex format","6415","A test to get the field color value in Hex format","","Mon Dec 01 08:05:14 UTC 2025","passed","Mon Dec 01 08:05:20 UTC 2025","","Form. Checking the basic functions for the Money in the widget Form","application.Samples.Form.MoneyOnFormTest","color"
"The test clears the field and clicks the Save button. Then validates the message that the field is required","9676","Required Message text Verification field test","","Mon Dec 01 08:02:54 UTC 2025","passed","Mon Dec 01 08:03:04 UTC 2025","","Form. Checking the basic functions for the Text in the widget Form","application.Samples.Form.TextOnFormTest","required"
"Filtering is not available for the Form widget","6725","Filtering test","","Mon Dec 01 08:10:16 UTC 2025","passed","Mon Dec 01 08:10:23 UTC 2025","","Form. Checking the basic functions for the PickList in the widget Form","application.Samples.Form.PickListOnFormTest","filtration"
"The test checks the value in the field with what should be set","10295","A test to read value","","Mon Dec 01 08:00:25 UTC 2025","passed","Mon Dec 01 08:00:35 UTC 2025","","Info. Checking the basic functions for the Time","application.Samples.Info.TimeOnInfoTest","read2"
"InfoWidget does not have a Hex field color for this type.","5913","A test to get the field color value in Hex format","","Mon Dec 01 07:56:52 UTC 2025","passed","Mon Dec 01 07:56:58 UTC 2025","","Info. Checking the basic functions for the FileUp","application.Samples.Info.FileUploadOnInfoTest","color"
"Sorting by the specified column.","11784","Sorting test","","Mon Dec 01 07:37:54 UTC 2025","passed","Mon Dec 01 07:38:06 UTC 2025","","List. Checking the basic functions for the Number in the widget List","application.Samples.List.NumberOnListTest","sorting"
"The test gets the value from the placeholder attribute and returns it in String format","9981","Test for getting the Placeholder value","","Mon Dec 01 08:15:35 UTC 2025","passed","Mon Dec 01 08:15:45 UTC 2025","","Form. Checking the basic functions for the Time","application.Samples.Form.TimeOnFormTest","placeholder"
"Getting a Placeholder is not available","8816","Test for getting the Placeholder value","","Mon Dec 01 07:47:05 UTC 2025","passed","Mon Dec 01 07:47:14 UTC 2025","","List. Checking the basic functions for the MultiValueHover in the widget List","application.Samples.List.MultiValueHoverOnListTest","placeholder"
"The test clears the field and clicks the Save button. Then validates the message that the field is required","9570","Required Message text Verification field test","","Mon Dec 01 08:12:44 UTC 2025","passed","Mon Dec 01 08:12:54 UTC 2025","","Form. Checking the basic functions for the MultipleSelect in the widget Form","application.Samples.Form.MultipleSelectOnFormTest","required"
"The test clears the field and clicks the Save button. Then validates the message that the field is required.","8910","Required Message text Verification field test","","Mon Dec 01 08:11:32 UTC 2025","passed","Mon Dec 01 08:11:41 UTC 2025","","Form. Checking the basic functions for the MultiValue in the widget Form","application.Samples.Form.MultiValueOnFormTest","required"
"The test checks the creation and deletion in the dictionary and the result of this work on another screen.","29712","Test sorting at List","","Mon Dec 01 08:04:28 UTC 2025","passed","Mon Dec 01 08:04:58 UTC 2025","","Checking the basic functions for the Dictionary administration panel","application.Samples.DictionaryAdministrationTest","sortingList"
"The test sets the value in the field. After approval, the popup window, the title, the text in it, and the buttons are validated.","11379","Business Exception Validation Test","","Mon Dec 01 07:55:11 UTC 2025","passed","Mon Dec 01 07:55:23 UTC 2025","","List. Checking the basic functions for the Dictionary in the widget List","application.Samples.List.DictionaryOnListTest","businessException"
"The test sets the value in the field. After approval, the popup window, the title, the text in it, and the buttons are validated","8436","Business Exception Validation Test","","Mon Dec 01 08:12:54 UTC 2025","passed","Mon Dec 01 08:13:02 UTC 2025","","Form. Checking the basic functions for the MultipleSelect in the widget Form","application.Samples.Form.MultipleSelectOnFormTest","businessException"
"Sorting by the specified column.","17657","Sorting test","","Mon Dec 01 08:17:02 UTC 2025","passed","Mon Dec 01 08:17:19 UTC 2025","","List. Checking the basic functions for the SuggestionPickList in the widget List","application.Samples.List.SuggestionPickListOnListTest","sorting"
"The test sets the value in the field. After approval, the popup window, the title, the text in it, and the buttons are validated.","7174","Business Exception Validation Test","","Mon Dec 01 07:42:06 UTC 2025","passed","Mon Dec 01 07:42:14 UTC 2025","","List. Checking the basic functions for the Input in the widget List","application.Samples.List.InputOnListTest","businessException"
"The InfoWidget doesn't have a Placeholder.","5952","Test for getting the Placeholder value","","Mon Dec 01 07:56:58 UTC 2025","passed","Mon Dec 01 07:57:04 UTC 2025","","Info. Checking the basic functions for the FileUp","application.Samples.Info.FileUploadOnInfoTest","placeholder"
"The test sets the value in the field. After approval, by clicking on the save button, the popup window, the title, the text in it, and the buttons are validated.","20735","Confirmation Popup Validation Test","","Mon Dec 01 07:53:53 UTC 2025","passed","Mon Dec 01 07:54:13 UTC 2025","","List. Checking the basic functions for the Date in the widget List","application.Samples.List.DateOnListTest","confirm"
"The test sets the value in the field. After approval, by clicking on the save button, the popup window, the title, the text in it, and the buttons are validated.","8546","Confirmation Popup Validation Test","","Mon Dec 01 07:40:06 UTC 2025","passed","Mon Dec 01 07:40:15 UTC 2025","","List. Checking the basic functions for the Number in the widget List","application.Samples.List.NumberOnListTest","confirm"
"","8160","The test for getting the icon value from the field","","Mon Dec 01 07:58:45 UTC 2025","passed","Mon Dec 01 07:58:53 UTC 2025","","Info. Checking the basic functions for the Dictionary","application.Samples.Info.DictionaryOnInfoTest","icon"
"The test clears the field and clicks the Save button. Then validates the message that the field is required","5823","Required Message text Verification field test","","Mon Dec 01 08:09:10 UTC 2025","passed","Mon Dec 01 08:09:16 UTC 2025","","Form. Checking the basic functions for the Input in the widget Form","application.Samples.Form.InputOnFormTest","required"
"The test gets the value from the style attribute in RGB format, and then converts it to Hex format","8668","A test to get the field color value in Hex format","","Mon Dec 01 07:59:22 UTC 2025","passed","Mon Dec 01 07:59:31 UTC 2025","","Info. Checking the basic functions for the Percent","application.Samples.Info.PercentOnInfoTest","color"
"The test gets the value from the placeholder attribute and returns it in String format","12112","Test for getting the Placeholder value","","Mon Dec 01 07:37:45 UTC 2025","passed","Mon Dec 01 07:37:57 UTC 2025","","List. Checking the basic functions for the Radio in the widget List","application.Samples.List.RadioOnListTest","placeholder"
"The test sets the value in the field. After approval, the popup window, the title, the text in it, and the buttons are validated","5806","Business Exception Validation Test","","Mon Dec 01 08:09:16 UTC 2025","passed","Mon Dec 01 08:09:21 UTC 2025","","Form. Checking the basic functions for the Input in the widget Form","application.Samples.Form.InputOnFormTest","businessException"
"The test sets the value in the field, and then checks the value in the field with what should be set","7347","A test for setting a value in a field","","Mon Dec 01 08:14:29 UTC 2025","passed","Mon Dec 01 08:14:37 UTC 2025","","Form. Checking the basic functions for the FileUpload in the widget Form","application.Samples.Form.FileUploadOnFormTest","edit"
"The test sets the value in the field. After approval, the popup window, the title, the text in it, and the buttons are validated","12798","Run-time exception validation test","","Mon Dec 01 08:06:26 UTC 2025","passed","Mon Dec 01 08:06:39 UTC 2025","","Form. Checking the basic functions for the Suggestion PickList in the widget Form","application.Samples.Form.SuggestionPickListOnFormTest","runtimeException"
"The test sets the value in the field, and then checks the value in the field with what should be set.","32768","A test for setting a value in a field","","Mon Dec 01 07:38:17 UTC 2025","passed","Mon Dec 01 07:38:50 UTC 2025","","List. Checking the basic functions for the Percent in the widget List","application.Samples.List.PercentOnListTest","edit"
"The test sets the value in the field. After approval, by clicking on the save button, the popup window, the title, the text in it, and the buttons are validated","8106","Confirmation Popup Validation Test","","Mon Dec 01 08:03:54 UTC 2025","passed","Mon Dec 01 08:04:02 UTC 2025","","Form. Checking the basic functions for the Number in the widget Form","application.Samples.Form.NumberOnFormTest","confirm"
"The test gets the value from the style attribute in RGB format, and then converts it to Hex format","7895","A test to get the field color value in Hex format","","Mon Dec 01 07:50:18 UTC 2025","passed","Mon Dec 01 07:50:26 UTC 2025","","List. Checking the basic functions for the FileUpload in the widget List","application.Samples.List.FileUploadOnListTest","color"
"The test sets the value in the field, and then checks the value in the field with what should be set","7623","A test for setting a value in a field","","Mon Dec 01 08:05:59 UTC 2025","passed","Mon Dec 01 08:06:07 UTC 2025","","Form. Checking the basic functions for the Date in the widget Form","application.Samples.Form.DateOnFormTest","edit"
"The test checks the list of options that the method returns, with the expected result.","11798","Test to get a list of options","","Mon Dec 01 07:41:14 UTC 2025","passed","Mon Dec 01 07:41:26 UTC 2025","","List. Checking the basic functions for the MultipleSelect in the widget List","application.Samples.List.MultipleSelectOnListTest","getListOptions"
"The test sets the value, after which the method returns the full list of value-status","9664","Test to get all values with the status","","Mon Dec 01 08:09:24 UTC 2025","passed","Mon Dec 01 08:09:34 UTC 2025","","Form. Checking the basic functions for the Radio in the widget Form","application.Samples.Form.RadioOnFormTest","getValues"
"The test sets the value in the field. After approval, the popup window, the title, the text in it, and the buttons are validated.","9543","Run-time exception validation test","","Mon Dec 01 07:55:18 UTC 2025","passed","Mon Dec 01 07:55:27 UTC 2025","","List. Checking the basic functions for the Date in the widget List","application.Samples.List.DateOnListTest","runtimeException"
"The test sets the value in the field, and then checks the value in the field with what should be set","6612","A test for setting a value in a field","","Mon Dec 01 08:14:58 UTC 2025","passed","Mon Dec 01 08:15:05 UTC 2025","","Form. Checking the basic functions for the DateTime in the widget Form","application.Samples.Form.DateTimeOnFormTest","edit"
"DrillDown is not available for InfoWidget.","5993","The DrillDown test","","Mon Dec 01 07:59:27 UTC 2025","passed","Mon Dec 01 07:59:33 UTC 2025","","Info. Checking the basic functions for the Date","application.Samples.Info.DateOnInfoTest","drillDown"
"The test sets the value in the field. After approval, the popup window, the title, the text in it, and the buttons are validated","7538","Run-time exception validation test","","Mon Dec 01 08:06:34 UTC 2025","passed","Mon Dec 01 08:06:42 UTC 2025","","Form. Checking the basic functions for the Date in the widget Form","application.Samples.Form.DateOnFormTest","runtimeException"
"The test sets the value in the field. After approval, the popup window, the title, the text in it, and the buttons are validated","6003","Run-time exception validation test","","Mon Dec 01 08:15:32 UTC 2025","passed","Mon Dec 01 08:15:38 UTC 2025","","Form. Checking the basic functions for the DateTime in the widget Form","application.Samples.Form.DateTimeOnFormTest","runtimeException"
"DrillDown is not available for InfoWidget.","6315","The DrillDown test","","Mon Dec 01 08:01:10 UTC 2025","passed","Mon Dec 01 08:01:16 UTC 2025","","Info. Checking the basic functions for the Number","application.Samples.Info.NumberOnInfoTest","drillDown"
"The test verifies that after clearing the field, it is empty.","19106","The test for deleting a file from a field","","Mon Dec 01 07:49:59 UTC 2025","passed","Mon Dec 01 07:50:18 UTC 2025","","List. Checking the basic functions for the FileUpload in the widget List","application.Samples.List.FileUploadOnListTest","clear"
"The test checks the downloaded file with the template file that is contained in the resources","7094","A test to compare the downloaded file with the template","","Mon Dec 01 08:14:58 UTC 2025","passed","Mon Dec 01 08:15:05 UTC 2025","","Form. Checking the basic functions for the FileUpload in the widget Form","application.Samples.Form.FileUploadOnFormTest","compare"
"The test sets the value with the wrong data type in the field. After approval, it checks the text under the field, which informs about the correctness of the type of data entered.","18850","Required Message validation test for one field","","Mon Dec 01 07:43:45 UTC 2025","passed","Mon Dec 01 07:44:04 UTC 2025","","List. Checking the basic functions for the MultiValue in the widget List","application.Samples.List.MultiValueOnListTest","fieldLevelValidationAnnotation"
"Sorting is not available for InfoWidget.","6342","Sorting test","","Mon Dec 01 07:59:02 UTC 2025","passed","Mon Dec 01 07:59:08 UTC 2025","","Info. Checking the basic functions for the Money","application.Samples.Info.MoneyOnInfoTest","sorting"
"The test sets the value in the field. After approval, the popup window, the title, the text in it, and the buttons are validated.","9055","Run-time exception validation test","","Mon Dec 01 07:50:46 UTC 2025","passed","Mon Dec 01 07:50:55 UTC 2025","","List. Checking the basic functions for the DateTimeWithSeconds in the widget List","application.Samples.List.DateTimeWithSecondsOnListTest","runtimeException"
"Info Widget is always read-only","5823","A test to check the field for ""Read-only""","","Mon Dec 01 08:01:47 UTC 2025","passed","Mon Dec 01 08:01:53 UTC 2025","","Info. Checking the basic functions for the DateTimeWithSeconds","application.Samples.Info.DateTimeWithSecondsOnInfoTest","readonly"
"Filtering is not available for InfoWidget.","7854","Filtering test","","Mon Dec 01 08:01:52 UTC 2025","passed","Mon Dec 01 08:02:00 UTC 2025","","Info. Checking the basic functions for the Text","application.Samples.Info.TextOnInfoTest","filtration"
"Filtering is not available for the Form widget","5778","Filtering test","","Mon Dec 01 08:06:53 UTC 2025","passed","Mon Dec 01 08:06:59 UTC 2025","","Form. Checking the basic functions for the DateTimeWithSeconds in the widget Form","application.Samples.Form.DateTimeWithSecondsOnFormTest","filtration"
"The test sets the value in the field, and then checks the value in the field with what should be set","6462","A test for setting a value in a field","","Mon Dec 01 08:03:35 UTC 2025","passed","Mon Dec 01 08:03:42 UTC 2025","","Form. Checking the basic functions for the Number in the widget Form","application.Samples.Form.NumberOnFormTest","edit"
"Checking the url before the transition and after the transition/click on a special element","12161","The DrillDown test","","Mon Dec 01 08:04:31 UTC 2025","passed","Mon Dec 01 08:04:43 UTC 2025","","Form. Checking the basic functions for the Suggestion PickList in the widget Form","application.Samples.Form.SuggestionPickListOnFormTest","drillDown"
"Checking the url before the transition and after the transition/click on a special element","6346","The DrillDown test","","Mon Dec 01 07:51:42 UTC 2025","passed","Mon Dec 01 07:51:49 UTC 2025","","List. Checking the basic functions for the Date in the widget List","application.Samples.List.DateOnListTest","drillDown"
"","8184","The test for getting the value from the field","","Mon Dec 01 08:00:12 UTC 2025","passed","Mon Dec 01 08:00:20 UTC 2025","","Info. Checking the basic functions for the Radio","application.Samples.Info.RadioOnInfoTest","read"
"The test sets the value in the field. After approval, by clicking on the save button, the popup window, the title, the text in it, and the buttons are validated","10242","Confirmation Popup Validation Test","","Mon Dec 01 08:03:39 UTC 2025","passed","Mon Dec 01 08:03:50 UTC 2025","","Form. Checking the basic functions for the Text in the widget Form","application.Samples.Form.TextOnFormTest","confirm"
"","5694","The test for getting the value from the field","","Mon Dec 01 08:01:53 UTC 2025","passed","Mon Dec 01 08:01:58 UTC 2025","","Info. Checking the basic functions for the DateTimeWithSeconds","application.Samples.Info.DateTimeWithSecondsOnInfoTest","read"
"Sorting by the specified column.","9804","Sorting test","","Mon Dec 01 07:50:56 UTC 2025","passed","Mon Dec 01 07:51:05 UTC 2025","","List. Checking the basic functions for the PickList in the widget List","application.Samples.List.PickListOnListTest","sorting"
"The InfoWidget doesn't have a Placeholder.","4526","Test for getting the Placeholder value","","Mon Dec 01 07:57:12 UTC 2025","passed","Mon Dec 01 07:57:17 UTC 2025","","Info. Checking the basic functions for the Input","application.Samples.Info.InputOnInfoTest","placeholder"
"Info Widget is always read-only","6281","A test to check the field for ""Read-only""","","Mon Dec 01 07:57:38 UTC 2025","passed","Mon Dec 01 07:57:45 UTC 2025","","Info. Checking the basic functions for the MultiValueHover","application.Samples.Info.MultiValueHoverOnInfoTest","readonly"
"The test gets the value from the style attribute in RGB format, and then converts it to Hex format","5196","A test to get the field color value in Hex format","","Mon Dec 01 08:00:25 UTC 2025","passed","Mon Dec 01 08:00:31 UTC 2025","","Info. Checking the basic functions for the DateTime","application.Samples.Info.DateTimeOnInfoTest","color"
"The test gets the value from the style attribute in RGB format, and then converts it to Hex format","6762","A test to get the field color value in Hex format","","Mon Dec 01 07:56:00 UTC 2025","passed","Mon Dec 01 07:56:07 UTC 2025","","Info. Checking the basic functions for the PickList","application.Samples.Info.PickListOnInfoTest","color"
"The test gets the value from the style attribute in RGB format, and then converts it to Hex format","6513","A test to get the field color value in Hex format","","Mon Dec 01 07:57:53 UTC 2025","passed","Mon Dec 01 07:57:59 UTC 2025","","Info. Checking the basic functions for the MultiValueHover","application.Samples.Info.MultiValueHoverOnInfoTest","color"
"The test sets the value in the field, and then checks the value in the field with what should be set","10953","A test for setting a value in a field","","Mon Dec 01 08:07:03 UTC 2025","passed","Mon Dec 01 08:07:14 UTC 2025","","Form. Checking the basic functions for the InlinePickList in the widget Form","application.Samples.Form.InlinePickListOnFormTest","edit"
"The test clears the field and clicks the Save button. Then validates the message that the field is required","7881","Required Message text Verification field test","","Mon Dec 01 08:04:51 UTC 2025","passed","Mon Dec 01 08:04:59 UTC 2025","","Form. Checking the basic functions for the Money in the widget Form","application.Samples.Form.MoneyOnFormTest","required"
"The test sets the value in the field. After approval, the popup window, the title, the text in it, and the buttons are validated","9918","Business Exception Validation Test","","Mon Dec 01 08:07:31 UTC 2025","passed","Mon Dec 01 08:07:41 UTC 2025","","Form. Checking the basic functions for the CheckBox","application.Samples.Form.CheckBoxOnFormTest","businessException"
"The test gets the value from the placeholder attribute and returns it in String format","11679","Test for getting the Placeholder value","","Mon Dec 01 07:48:19 UTC 2025","passed","Mon Dec 01 07:48:30 UTC 2025","","List. Checking the basic functions for the Time","application.Samples.List.TimeOnListTest","placeholder"
"The test sets the value in the field. After approval, the popup window, the title, the text in it, and the buttons are validated.","11550","Run-time exception validation test","","Mon Dec 01 07:39:18 UTC 2025","passed","Mon Dec 01 07:39:30 UTC 2025","","List. Checking the basic functions for the Radio in the widget List","application.Samples.List.RadioOnListTest","runtimeException"
"The test gets the value from the style attribute in RGB format, and then converts it to Hex format","8906","A test to get the field color value in Hex format","","Mon Dec 01 08:10:15 UTC 2025","passed","Mon Dec 01 08:10:24 UTC 2025","","Form. Checking the basic functions for the Dictionary in the widget Form","application.Samples.Form.DictionaryOnFormTest","color"
"Sorting is not available for the Form widget","6314","Sorting test","","Mon Dec 01 08:04:11 UTC 2025","passed","Mon Dec 01 08:04:17 UTC 2025","","Form. Checking the basic functions for the Money in the widget Form","application.Samples.Form.MoneyOnFormTest","sorting"
"The test gets the value in the field, and then checks the value in the field with what should be.","1","A test for checking a value in a field","","Mon Dec 01 07:37:29 UTC 2025","skipped","Mon Dec 01 07:37:29 UTC 2025","","List. Checking the basic functions for the Radio in the widget List","application.Samples.List.RadioOnListTest","read"
"The test checks for the disabled attribute","8493","A test to check the field for ""Read-only""","","Mon Dec 01 08:06:23 UTC 2025","passed","Mon Dec 01 08:06:32 UTC 2025","","Form. Checking the basic functions for the InlinePickList in the widget Form","application.Samples.Form.InlinePickListOnFormTest","readonly"
"Filtering by the specified column.","9037","Filtering test","","Mon Dec 01 07:44:32 UTC 2025","passed","Mon Dec 01 07:44:41 UTC 2025","","List. Checking the basic functions for the CheckBox","application.Samples.List.CheckBoxOnListTest","filtration"
"The test clears the field and clicks the Save button. Then validates the message that the field is required.","18814","Required Message text Verification field test","","Mon Dec 01 07:49:25 UTC 2025","passed","Mon Dec 01 07:49:44 UTC 2025","","List. Checking the basic functions for the FileUpload in the widget List","application.Samples.List.FileUploadOnListTest","required"
"Sorting is not available for the Form widget","5582","Sorting test","","Mon Dec 01 08:06:42 UTC 2025","passed","Mon Dec 01 08:06:47 UTC 2025","","Form. Checking the basic functions for the DateTimeWithSeconds in the widget Form","application.Samples.Form.DateTimeWithSecondsOnFormTest","sorting"
"Sorting is not available for InfoWidget.","5011","Sorting test","","Mon Dec 01 07:59:59 UTC 2025","passed","Mon Dec 01 08:00:04 UTC 2025","","Info. Checking the basic functions for the DateTime","application.Samples.Info.DateTimeOnInfoTest","sorting"
"The test sets the value in the field. After approval, by clicking on the save button, the popup window, the title, the text in it, and the buttons are validated","11739","Confirmation Popup Validation Test","","Mon Dec 01 08:07:46 UTC 2025","passed","Mon Dec 01 08:07:58 UTC 2025","","Form. Checking the basic functions for the InlinePickList in the widget Form","application.Samples.Form.InlinePickListOnFormTest","confirm"
"","7228","The test for getting the value from the field","","Mon Dec 01 08:01:14 UTC 2025","passed","Mon Dec 01 08:01:21 UTC 2025","","Info. Checking the basic functions for the MultiValue","application.Samples.Info.MultiValueOnInfoTest","read"
"","8375","setValueGetValue()","","Mon Dec 01 07:48:42 UTC 2025","passed","Mon Dec 01 07:48:50 UTC 2025","","List. Checking the basic functions for the FileUpload in the widget List","application.Samples.List.FileUploadOnListTest","setValueGetValue"
"Filtering is not available for the Form widget","5054","Filtering test","","Mon Dec 01 08:14:27 UTC 2025","passed","Mon Dec 01 08:14:32 UTC 2025","","Form. Checking the basic functions for the DateTime in the widget Form","application.Samples.Form.DateTimeOnFormTest","filtration"
"The test sets the value in the field, and then checks the value in the field with what should be set","23412","A test for setting a value in a field","","Mon Dec 01 07:47:33 UTC 2025","passed","Mon Dec 01 07:47:57 UTC 2025","","List. Checking the basic functions for the Time","application.Samples.List.TimeOnListTest","edit2"
"Info Widget is always read-only","6135","A test to check the field for ""Read-only""","","Mon Dec 01 08:01:29 UTC 2025","passed","Mon Dec 01 08:01:35 UTC 2025","","Info. Checking the basic functions for the Number","application.Samples.Info.NumberOnInfoTest","readonly"
"The test gets the value from the style attribute in RGB format, and then converts it to Hex format","8861","A test to get the field color value in Hex format","","Mon Dec 01 07:38:50 UTC 2025","passed","Mon Dec 01 07:38:59 UTC 2025","","List. Checking the basic functions for the Percent in the widget List","application.Samples.List.PercentOnListTest","color"
"","9178","A test to check the options of the drop-down list","","Mon Dec 01 08:08:56 UTC 2025","passed","Mon Dec 01 08:09:05 UTC 2025","","Form. Checking the basic functions for the Dictionary in the widget Form","application.Samples.Form.DictionaryOnFormTest","options"
"The test gets the value from the placeholder attribute and returns it in String format","7355","Test for getting the Placeholder value","","Mon Dec 01 07:53:45 UTC 2025","passed","Mon Dec 01 07:53:53 UTC 2025","","List. Checking the basic functions for the Date in the widget List","application.Samples.List.DateOnListTest","placeholder"
"Checking the url before the transition and after the transition/click on a special element","6078","The DrillDown test","","Mon Dec 01 07:55:12 UTC 2025","passed","Mon Dec 01 07:55:18 UTC 2025","","List. Checking the basic functions for the DateTime in the widget List","application.Samples.List.DateTimeOnListTest","drillDown"
"The test clears the field and clicks the Save button. Then validates the message that the field is required.","24007","Required Message text Verification field test","","Mon Dec 01 08:16:03 UTC 2025","passed","Mon Dec 01 08:16:27 UTC 2025","","List. Checking the basic functions for the SuggestionPickList in the widget List","application.Samples.List.SuggestionPickListOnListTest","required"
"The test sets the value in the field. After approval, the popup window, the title, the text in it, and the buttons are validated.","10586","Run-time exception validation test","","Mon Dec 01 07:46:19 UTC 2025","passed","Mon Dec 01 07:46:29 UTC 2025","","List. Checking the basic functions for the MultiValue in the widget List","application.Samples.List.MultiValueOnListTest","runtimeException"
"The test clears the field and clicks the Save button. Then validates the message that the field is required.","21600","Required Message text Verification field test","","Mon Dec 01 07:47:51 UTC 2025","passed","Mon Dec 01 07:48:13 UTC 2025","","List. Checking the basic functions for the Text in the widget List","application.Samples.List.TextOnListTest","required"
"Sorting is not available for InfoWidget.","6979","Sorting test","","Mon Dec 01 07:55:28 UTC 2025","passed","Mon Dec 01 07:55:35 UTC 2025","","Info. Checking the basic functions for the PickList","application.Samples.Info.PickListOnInfoTest","sorting"
"The test sets the value in the field. After approval, by clicking on the save button, the popup window, the title, the text in it, and the buttons are validated.","21865","Confirmation Popup Validation Test","","Mon Dec 01 07:39:07 UTC 2025","passed","Mon Dec 01 07:39:29 UTC 2025","","List. Checking the basic functions for the Percent in the widget List","application.Samples.List.PercentOnListTest","confirm"
"Filtering is not available for InfoWidget.","6166","Filtering test","","Mon Dec 01 08:01:23 UTC 2025","passed","Mon Dec 01 08:01:29 UTC 2025","","Info. Checking the basic functions for the Number","application.Samples.Info.NumberOnInfoTest","filtration"
"The test sets the value in the field, and then checks the value in the field with what should be set","5436","A test for setting a value in a field","","Mon Dec 01 08:09:21 UTC 2025","passed","Mon Dec 01 08:09:27 UTC 2025","","Form. Checking the basic functions for the Input in the widget Form","application.Samples.Form.InputOnFormTest","edit"
"The test sets all the values in the field, then checks the list with the expected value.","18049","Test to set all values in the field","","Mon Dec 01 08:13:02 UTC 2025","passed","Mon Dec 01 08:13:20 UTC 2025","","Form. Checking the basic functions for the MultiValue in the widget Form","application.Samples.Form.MultiValueOnFormTest","test_set_all"
"Filtering by the specified column.","7455","Filtering test","","Mon Dec 01 07:51:13 UTC 2025","passed","Mon Dec 01 07:51:20 UTC 2025","","List. Checking the basic functions for the PickList in the widget List","application.Samples.List.PickListOnListTest","filtration"
"The test sets the value in the field. After approval, the popup window, the title, the text in it, and the buttons are validated","8223","Business Exception Validation Test","","Mon Dec 01 08:03:27 UTC 2025","passed","Mon Dec 01 08:03:35 UTC 2025","","Form. Checking the basic functions for the Number in the widget Form","application.Samples.Form.NumberOnFormTest","businessException"
"The test sets the value in the field, and then checks the value in the field with what should be set.","30771","A test for setting a value in a field","","Mon Dec 01 07:52:11 UTC 2025","passed","Mon Dec 01 07:52:41 UTC 2025","","List. Checking the basic functions for the InlinePickList in the widget List","application.Samples.List.InlinePickListOnListTest","edit"
"The test sets the value in the field. After approval, by clicking on the save button, the popup window, the title, the text in it, and the buttons are validated.","8944","Confirmation Popup Validation Test","","Mon Dec 01 07:43:11 UTC 2025","passed","Mon Dec 01 07:43:19 UTC 2025","","List. Checking the basic functions for the Input in the widget List","application.Samples.List.InputOnListTest","confirm"
"The InfoWidget doesn't have a Placeholder.","7662","Test for getting the Placeholder value","","Mon Dec 01 07:58:04 UTC 2025","passed","Mon Dec 01 07:58:12 UTC 2025","","Info. Checking the basic functions for the CheckBox","application.Samples.Info.CheckboxOnInfoTest","placeholder"
"The test gets the value in the field, and then checks the value in the field with what should be.","0","A test for checking a value in a field","","Mon Dec 01 07:44:54 UTC 2025","skipped","Mon Dec 01 07:44:54 UTC 2025","","List. Checking the basic functions for the MultiValue in the widget List","application.Samples.List.MultiValueOnListTest","read"
"Sorting is not available for InfoWidget.","5464","Sorting test","","Mon Dec 01 07:59:21 UTC 2025","passed","Mon Dec 01 07:59:27 UTC 2025","","Info. Checking the basic functions for the Date","application.Samples.Info.DateOnInfoTest","sorting"
"Checking the url before the transition and after the transition/click on a special element","6641","The DrillDown test","","Mon Dec 01 08:17:50 UTC 2025","passed","Mon Dec 01 08:17:57 UTC 2025","","List. Checking the basic functions for the Text in the widget List","application.Samples.List.TextOnListTest","drillDown"
"The test sets the value in the field, and then checks the value in the field with what should be set.","28824","A test for setting a value in a field","","Mon Dec 01 07:48:36 UTC 2025","passed","Mon Dec 01 07:49:05 UTC 2025","","List. Checking the basic functions for the DateTimeWithSeconds in the widget List","application.Samples.List.DateTimeWithSecondsOnListTest","edit"
"The test sets the value in the field, and then checks the value in the field with what should be set.","19839","A test for setting a value in a field","","Mon Dec 01 08:16:05 UTC 2025","passed","Mon Dec 01 08:16:25 UTC 2025","","List. Checking the basic functions for the Radio in the widget List","application.Samples.List.RadioOnListTest","edit"
"The test clears the field and clicks the Save button. Then validates the message that the field is required.","18229","Required Message text Verification field test","","Mon Dec 01 07:41:48 UTC 2025","passed","Mon Dec 01 07:42:06 UTC 2025","","List. Checking the basic functions for the Input in the widget List","application.Samples.List.InputOnListTest","required"
"The test sets the value in the field. After approval, by clicking on the save button, the popup window, the title, the text in it, and the buttons are validated.","21538","Confirmation Popup Validation Test","","Mon Dec 01 07:53:49 UTC 2025","passed","Mon Dec 01 07:54:11 UTC 2025","","List. Checking the basic functions for the PickList in the widget List","application.Samples.List.PickListOnListTest","confirm"
"The test sets the value in the field. After approval, the popup window, the title, the text in it, and the buttons are validated","10023","Run-time exception validation test","","Mon Dec 01 08:04:00 UTC 2025","passed","Mon Dec 01 08:04:10 UTC 2025","","Form. Checking the basic functions for the Text in the widget Form","application.Samples.Form.TextOnFormTest","runtimeException"
"Checking the url before the transition and after the transition/click on a special element","8003","The DrillDown test","","Mon Dec 01 08:06:47 UTC 2025","passed","Mon Dec 01 08:06:55 UTC 2025","","Form. Checking the basic functions for the CheckBox","application.Samples.Form.CheckBoxOnFormTest","drillDown"
"The test sets the value in the field, and then checks the value in the field with what should be set. Предварительной очистки поля нет","9505","A test for setting a value in a field","","Mon Dec 01 08:13:02 UTC 2025","passed","Mon Dec 01 08:13:12 UTC 2025","","Form. Checking the basic functions for the MultipleSelect in the widget Form","application.Samples.Form.MultipleSelectOnFormTest","edit"
"Filtering by the specified column.","7964","Filtering test","","Mon Dec 01 07:38:28 UTC 2025","passed","Mon Dec 01 07:38:36 UTC 2025","","List. Checking the basic functions for the Number in the widget List","application.Samples.List.NumberOnListTest","filtration"
"Filtering is not available for the Form widget","8235","Filtering test","","Mon Dec 01 08:06:55 UTC 2025","passed","Mon Dec 01 08:07:03 UTC 2025","","Form. Checking the basic functions for the CheckBox","application.Samples.Form.CheckBoxOnFormTest","filtration"
"The test clears the field and clicks the Save button. Then validates the message that the field is required","6041","Required Message text Verification field test","","Mon Dec 01 08:05:45 UTC 2025","passed","Mon Dec 01 08:05:51 UTC 2025","","Form. Checking the basic functions for the Date in the widget Form","application.Samples.Form.DateOnFormTest","required"
"The test sets the value in the field via Popup using a unique id, and then checks the value in the field with what needs to be set.","19355","A test for setting a value in a field","","Mon Dec 01 07:53:06 UTC 2025","passed","Mon Dec 01 07:53:26 UTC 2025","","List. Checking the basic functions for the PickList in the widget List","application.Samples.List.PickListOnListTest","edit"
"Filtering by the specified column.","6528","Filtering test","","Mon Dec 01 07:45:18 UTC 2025","passed","Mon Dec 01 07:45:24 UTC 2025","","List. Checking the basic functions for the Hint in the widget List","application.Samples.List.HintOnListTest","filtration"
"The test sets the value with the wrong data type in the field. After approval, it checks the text under the field, which informs about the correctness of the type of data entered","7802","Required Message validation test for one field","","Mon Dec 01 08:14:37 UTC 2025","passed","Mon Dec 01 08:14:45 UTC 2025","","Form. Checking the basic functions for the DateTime in the widget Form","application.Samples.Form.DateTimeOnFormTest","fieldLevelValidationAnnotation"
"The test gets the value from the style attribute in RGB format, and then converts it to  Hex format","7814","A test to get the field color value in Hex format","","Mon Dec 01 07:39:52 UTC 2025","passed","Mon Dec 01 07:39:59 UTC 2025","","List. Checking the basic functions for the Number in the widget List","application.Samples.List.NumberOnListTest","color"
"The test sets the value in the field. After approval, the popup window, the title, the text in it, and the buttons are validated.","25840","Business Exception Validation Test","","Mon Dec 01 07:37:51 UTC 2025","passed","Mon Dec 01 07:38:17 UTC 2025","","List. Checking the basic functions for the Percent in the widget List","application.Samples.List.PercentOnListTest","businessException"
"Sorting is not available for the Form widget","5446","Sorting test","","Mon Dec 01 08:05:08 UTC 2025","passed","Mon Dec 01 08:05:13 UTC 2025","","Form. Checking the basic functions for the Date in the widget Form","application.Samples.Form.DateOnFormTest","sorting"
"The test sets the value with the wrong data type in the field. After approval, it checks the text under the field, which informs about the correctness of the type of data entered","9835","Required Message validation test for one field","","Mon Dec 01 08:09:24 UTC 2025","passed","Mon Dec 01 08:09:34 UTC 2025","","Form. Checking the basic functions for the Dictionary in the widget Form","application.Samples.Form.DictionaryOnFormTest","fieldLevelValidationAnnotation"
"Checking the url before the transition and after the transition/click on a special element","8185","The DrillDown test","","Mon Dec 01 08:08:17 UTC 2025","passed","Mon Dec 01 08:08:25 UTC 2025","","Form. Checking the basic functions for the Radio in the widget Form","application.Samples.Form.RadioOnFormTest","drillDown"
"Filtering by the specified column.","9885","Filtering test","","Mon Dec 01 07:54:28 UTC 2025","passed","Mon Dec 01 07:54:37 UTC 2025","","List. Checking the basic functions for the Dictionary in the widget List","application.Samples.List.DictionaryOnListTest","filtration"
"The test checks for the disabled attribute.","8484","A test to check the field for ""Read-only""","","Mon Dec 01 07:49:06 UTC 2025","passed","Mon Dec 01 07:49:14 UTC 2025","","List. Checking the basic functions for the FileUpload in the widget List","application.Samples.List.FileUploadOnListTest","readonly"
"The test sets the value in the field. After approval, the popup window, the title, the text in it, and the buttons are validated","7754","Business Exception Validation Test","","Mon Dec 01 08:05:51 UTC 2025","passed","Mon Dec 01 08:05:59 UTC 2025","","Form. Checking the basic functions for the Date in the widget Form","application.Samples.Form.DateOnFormTest","businessException"
"The method returns Option-Status pairs, for all. The test checks each pair.","9091","Test to check the status of all options","","Mon Dec 01 07:42:50 UTC 2025","passed","Mon Dec 01 07:43:00 UTC 2025","","List. Checking the basic functions for the MultipleSelect in the widget List","application.Samples.List.MultipleSelectOnListTest","statusOptions"
"The test sets the value in the field. After approval, the popup window, the title, the text in it, and the buttons are validated.","12305","Run-time exception validation test","","Mon Dec 01 07:53:45 UTC 2025","passed","Mon Dec 01 07:53:57 UTC 2025","","List. Checking the basic functions for the InlinePickList in the widget List","application.Samples.List.InlinePickListOnListTest","runtimeException"
"The test sets the value in the field. After approval, the popup window, the title, the text in it, and the buttons are validated.","8941","Business Exception Validation Test","","Mon Dec 01 07:42:03 UTC 2025","passed","Mon Dec 01 07:42:12 UTC 2025","","List. Checking the basic functions for the MultipleSelect in the widget List","application.Samples.List.MultipleSelectOnListTest","businessException"
"The test clears the field and clicks the Save button. Then validates the message that the field is required","9178","Required Message text Verification field test","","Mon Dec 01 08:12:26 UTC 2025","passed","Mon Dec 01 08:12:35 UTC 2025","","Form. Checking the basic functions for the Percent in the widget Form","application.Samples.Form.PercentOnFormTest","required"
"Filtering is not available for InfoWidget.","9265","Filtering test","","Mon Dec 01 08:00:45 UTC 2025","passed","Mon Dec 01 08:00:55 UTC 2025","","Info. Checking the basic functions for the MultiField","application.Samples.Info.MultiFieldOnInfoTest","filtration"
"","6203","The test for getting the value from the field","","Mon Dec 01 07:55:54 UTC 2025","passed","Mon Dec 01 07:56:00 UTC 2025","","Info. Checking the basic functions for the PickList","application.Samples.Info.PickListOnInfoTest","read"
"The test sets the value with the wrong data type in the field. After approval, it checks the text under the field, which informs about the correctness of the type of data entered.","11232","Required Message validation test for one field","","Mon Dec 01 07:54:47 UTC 2025","passed","Mon Dec 01 07:54:58 UTC 2025","","List. Checking the basic functions for the Dictionary in the widget List","application.Samples.List.DictionaryOnListTest","fieldLevelValidationAnnotation"
"The test checks for the disabled attribute","6388","A test to check the field for ""Read-only""","","Mon Dec 01 08:14:01 UTC 2025","passed","Mon Dec 01 08:14:08 UTC 2025","","Form. Checking the basic functions for the FileUpload in the widget Form","application.Samples.Form.FileUploadOnFormTest","readonly"
"Test check max input at the field","27782","Max input test","","Mon Dec 01 07:42:37 UTC 2025","passed","Mon Dec 01 07:43:05 UTC 2025","","List. Checking the basic functions for the Input in the widget List","application.Samples.List.InputOnListTest","maxInput"
"The test sets the value to true in the field, and then checks the value in the field with what should be set.","10903","A test for setting a value in a field","","Mon Dec 01 07:45:31 UTC 2025","passed","Mon Dec 01 07:45:42 UTC 2025","","List. Checking the basic functions for the CheckBox","application.Samples.List.CheckBoxOnListTest","edit2"
"The test sets the value in the field, and then checks the value in the field with what should be set","9289","A test for setting a value in a field","","Mon Dec 01 08:12:45 UTC 2025","passed","Mon Dec 01 08:12:54 UTC 2025","","Form. Checking the basic functions for the Percent in the widget Form","application.Samples.Form.PercentOnFormTest","edit"
"The test sets the value in the field, and then checks the value in the field with what should be set","9252","A test for setting a value in a field","","Mon Dec 01 08:03:13 UTC 2025","passed","Mon Dec 01 08:03:23 UTC 2025","","Form. Checking the basic functions for the Text in the widget Form","application.Samples.Form.TextOnFormTest","edit"
"The test edit a new field in the admin panel","13590","Test for edit admin value","","Mon Dec 01 08:03:47 UTC 2025","passed","Mon Dec 01 08:04:00 UTC 2025","","Checking the basic functions for the Dictionary administration panel","application.Samples.DictionaryAdministrationTest","edit"
"The test checks for the disabled attribute.","7610","A test to check the field for ""Read-only""","","Mon Dec 01 08:17:35 UTC 2025","passed","Mon Dec 01 08:17:42 UTC 2025","","List. Checking the basic functions for the Percent in the widget List","application.Samples.List.PercentOnListTest","readonly"
"The test sets a value with the wrong data type in several fields for different widgets. After approval, it checks the text under the field, which informs about the correctness of the type of data entered","18586","Required Message validation test for multiple fields","","Mon Dec 01 07:50:52 UTC 2025","passed","Mon Dec 01 07:51:11 UTC 2025","","List. Checking the basic functions for the FileUpload in the widget List","application.Samples.List.FileUploadOnListTest","fieldLevelValidation"
